-0.1683349609375,
0.1483154296875,
0.180419921875,
0.1512451171875,
0.1973876953125,
0.1839599609375,
0.0166168212890625,
0.290771484375,
0.2296142578125,
-0.12078857421875,
0.200927734375,
0.397705078125,
0.21923828125,
-0.0821533203125,
-0.320068359375,
0.215576171875,
0.473388671875,
0.390869140625,
-0.03466796875,
-0.072509765625,
0.267822265625,
0.408935546875,
0.38134765625,
-0.01224517822265625,
0.0985107421875,
-0.04669189453125,
-0.2373046875,
-0.298583984375,
-0.121826171875,
-0.04351806640625,
-0.1895751953125,
-0.306884765625,
0.0212249755859375,
-0.317138671875,
-0.2017822265625,
-0.0421142578125,
-0.107666015625,
-0.055145263671875,
-0.2371826171875,
-0.2391357421875,
0.264892578125,
-0.1097412109375,
-0.20166015625,
-0.0816650390625,
-0.167724609375,
0.3798828125,
0.034088134765625,
0.1275634765625,
-0.061492919921875,
-0.0819091796875,
0.01070404052734375,
-0.3037109375,
0.0875244140625,
0.229736328125,
0.2470703125,
-0.16796875,
-0.364013671875,
-0.10638427734375,
0.2529296875,
0.224853515625,
-0.315673828125,
-0.057769775390625,
-0.10406494140625,
0.3681640625,
0.0894775390625,
0.2044677734375,
-0.1063232421875,
0.349365234375,
0.173828125,
0.0712890625,
0.0994873046875,
0.2110595703125,
-0.02484130859375,
0.38623046875,
0.254638671875,
0.0928955078125,
0.2325439453125,
-0.05938720703125,
-0.35888671875,
-0.1312255859375,
0.1959228515625,
0.318359375,
-0.151611328125,
-0.197265625,
-0.471923828125,
0.1492919921875,
0.21826171875,
-0.095458984375,
-0.2073974609375,
-0.042877197265625,
0.44140625,
0.26220703125,
-0.0501708984375,
-0.06915283203125,
-0.07928466796875,
0.2861328125,
0.462646484375,
0.1461181640625,
0.310791015625,
0.233642578125,
-0.10528564453125,
-0.0687255859375,
-0.1409912109375,
-0.01236724853515625,
-0.1824951171875,
-0.0865478515625,
-0.1697998046875,
-0.1112060546875,
0.058074951171875,
-0.26611328125,
-0.06390380859375,
-0.1741943359375,
-0.23681640625,
0.093505859375,
-0.10125732421875,
-0.07196044921875,
-0.2086181640625,
-0.00213623046875,
-0.092041015625,
-0.153564453125,
-0.054168701171875,
0.018218994140625,
-0.2000732421875,
-0.05682373046875,
-0.229736328125,
0.33447265625,
0.0283355712890625,
0.004047393798828125,
-0.302978515625,
-0.294189453125,
0.12939453125,
0.39111328125,
0.007556915283203125,
0.1083984375,
-0.042266845703125,
0.1026611328125,
0.328369140625,
0.10791015625,
-0.00384521484375,
-0.0968017578125,
0.267578125,
0.50927734375,
0.2237548828125,
0.055389404296875,
0.039794921875,
0.2027587890625,
0.380615234375,
0.398193359375,
0.265869140625,
0.3828125
