0.058074951171875,
-0.0712890625,
-0.08441162109375,
-0.10589599609375,
0.0033969879150390625,
0.1334228515625,
0.11065673828125,
-0.035614013671875,
-0.1556396484375,
-0.11578369140625,
0.01453399658203125,
0.118896484375,
0.06427001953125,
-0.056243896484375,
-0.13720703125,
-0.010345458984375,
-0.06890869140625,
0.0440673828125,
0.0173797607421875,
0.06036376953125,
-0.06439208984375,
0.0157928466796875,
0.024810791015625,
0.024627685546875,
0.10174560546875,
0.07794189453125,
0.10064697265625,
0.07574462890625,
0.0487060546875,
-0.10662841796875,
-0.0300750732421875,
0.109130859375,
0.044464111328125,
0.083740234375,
-0.0077362060546875,
0.02117919921875,
0.055328369140625,
0.060882568359375,
0.1837158203125,
0.088134765625,
-0.0726318359375,
-0.049163818359375,
-0.014739990234375,
0.1329345703125,
0.1533203125,
0.099609375,
0.070556640625,
-0.07867431640625,
0.0204010009765625,
0.04656982421875,
-0.13134765625,
-0.0869140625,
0.049102783203125,
0.039764404296875,
-0.054290771484375,
-0.08319091796875,
-0.07342529296875,
-0.04644775390625,
-0.0235137939453125,
-0.0030078887939453125,
-0.062286376953125,
-0.00925445556640625,
-0.13427734375,
-0.06195068359375,
0.04541015625,
0.109130859375,
0.050079345703125,
0.041656494140625,
-0.05902099609375,
0.0202178955078125,
0.0826416015625,
0.033355712890625,
0.0029621124267578125,
-0.005970001220703125,
0.01375579833984375,
0.10040283203125,
0.06658935546875,
-0.12890625,
-0.1636962890625,
-0.019683837890625,
0.16162109375,
0.0850830078125,
0.061676025390625,
-0.1318359375,
-0.0394287109375,
0.019439697265625,
0.2015380859375,
0.2255859375,
0.091064453125,
-0.13330078125,
0.00809478759765625,
0.08599853515625,
0.1934814453125,
0.2186279296875,
0.07049560546875,
0.033050537109375,
-0.061279296875,
0.0251617431640625,
0.025970458984375,
0.11395263671875,
0.094482421875,
-0.037109375,
-0.01453399658203125,
0.06671142578125,
-0.01617431640625,
0.034912109375,
-0.0489501953125,
0.077880859375,
0.04754638671875,
-0.05133056640625,
-0.0810546875,
0.0002522468566894531,
0.0019121170043945312,
0.033538818359375,
-0.0145721435546875,
-0.04315185546875,
-0.059051513671875,
2.1219253540039062e-05,
0.03399658203125,
-0.032501220703125,
-0.003353118896484375,
-0.06060791015625,
0.026031494140625,
0.06890869140625,
-0.054595947265625,
0.0340576171875,
-0.00518035888671875,
-0.193115234375,
-0.1217041015625,
0.07806396484375,
0.1181640625,
0.0440673828125,
-0.006465911865234375,
-0.19140625,
-0.1217041015625,
0.012237548828125,
0.210205078125,
0.1578369140625,
-0.09857177734375,
-0.10382080078125,
-0.09136962890625,
0.07476806640625,
0.18896484375,
0.14599609375,
0.026336669921875,
-0.11370849609375,
-0.10528564453125,
0.06719970703125,
0.165771484375,
-0.005687713623046875,
0.0308990478515625,
0.0081939697265625,
0.12109375,
0.09722900390625,
0.034637451171875,
0.12030029296875,
0.10931396484375,
0.132080078125,
0.036712646484375,
0.05767822265625,
0.0589599609375,
-0.0125579833984375,
-0.05438232421875,
0.028778076171875,
0.0899658203125,
-0.0675048828125,
-0.0257110595703125,
-0.1634521484375,
-0.1083984375,
0.0093841552734375,
-0.006816864013671875,
-0.1309814453125,
-0.027557373046875,
-0.00856781005859375,
-0.058868408203125,
0.0105133056640625,
0.044097900390625,
0.06988525390625,
0.17431640625,
0.1517333984375,
0.019439697265625,
0.0237579345703125,
-0.07763671875,
-0.018829345703125,
0.100341796875,
0.007640838623046875,
-0.10565185546875,
-0.10015869140625,
-0.061370849609375,
-0.00787353515625,
-0.0021076202392578125,
0.097412109375,
0.07623291015625,
-0.0380859375,
-0.07281494140625,
0.140380859375,
0.060638427734375,
0.0743408203125,
0.09259033203125,
-0.0202484130859375,
0.0135498046875,
0.1544189453125,
0.11895751953125,
-0.03411865234375,
0.05194091796875,
0.1365966796875,
0.0941162109375,
0.0254058837890625,
0.0178680419921875,
0.032806396484375,
0.024169921875,
-0.07904052734375,
0.0198211669921875,
0.01280975341796875,
0.1319580078125,
-0.1092529296875,
-0.06219482421875,
-0.104736328125,
0.08697509765625,
0.0391845703125,
-0.05828857421875,
-0.09014892578125,
-0.03955078125,
-0.050384521484375,
0.07666015625,
0.09674072265625,
0.1337890625,
0.16357421875,
0.0294189453125,
0.067138671875,
0.084228515625,
0.10931396484375,
0.080810546875,
0.08709716796875,
0.09442138671875,
-0.041168212890625,
-0.09259033203125,
0.036163330078125,
0.0004508495330810547,
0.005054473876953125,
-0.11029052734375,
-0.1337890625,
-0.1351318359375,
-0.212158203125,
-0.07763671875,
-0.07012939453125,
0.0187530517578125,
-0.0270843505859375,
-0.04119873046875,
-0.09466552734375,
-0.004283905029296875,
0.067626953125,
0.0577392578125,
-0.060089111328125,
-0.0101470947265625,
-0.03399658203125,
-0.046966552734375,
-0.12451171875,
-0.061798095703125,
-0.05450439453125,
-0.07958984375,
-0.06011962890625,
-0.027679443359375,
0.0233917236328125,
-0.102783203125,
0.0472412109375,
0.0287933349609375,
0.072509765625,
-0.03814697265625,
-0.019287109375,
0.11322021484375,
0.07110595703125,
0.033203125,
0.07220458984375,
0.07147216796875,
0.0214996337890625,
0.0831298828125,
0.09698486328125,
0.06640625,
0.050994873046875,
0.170654296875,
0.1993408203125,
0.1815185546875,
0.0596923828125,
0.17529296875,
0.037445068359375,
-0.023529052734375,
-0.01433563232421875,
0.06866455078125,
0.047088623046875,
-0.047576904296875,
-0.1265869140625,
-0.09918212890625,
-0.0994873046875,
-0.11419677734375,
-0.00687408447265625,
-0.0880126953125,
-0.0030841827392578125,
-0.060455322265625,
-0.0877685546875,
-0.1455078125,
-0.130859375,
-0.11859130859375,
-0.03668212890625,
0.0992431640625,
-0.0206756591796875,
-0.0008935928344726562,
0.16162109375,
0.1995849609375,
0.1689453125,
0.014373779296875,
0.1932373046875,
0.19091796875,
0.12213134765625,
-0.035400390625,
0.157470703125,
0.18701171875,
-0.047027587890625,
-0.12200927734375,
0.01885986328125,
-0.041107177734375,
0.025421142578125,
0.04571533203125,
-0.064697265625,
0.0227203369140625,
0.10003662109375,
0.020843505859375,
-0.042449951171875,
0.0394287109375,
-0.0631103515625,
0.0570068359375,
-0.052581787109375,
-0.08209228515625,
-0.00016641616821289062,
0.094970703125,
-0.051971435546875,
-0.06536865234375,
-0.1636962890625,
-0.07989501953125,
0.05816650390625,
-0.0672607421875,
-0.1558837890625,
-0.1141357421875,
0.0860595703125,
0.040130615234375,
-0.0215606689453125,
0.007228851318359375,
0.08038330078125,
0.072265625,
0.045684814453125,
-0.02740478515625,
0.0217132568359375,
0.0384521484375,
0.08251953125,
0.043060302734375,
0.0025787353515625,
0.1168212890625,
0.169921875,
0.09503173828125,
-0.047210693359375,
0.09295654296875,
0.0885009765625,
0.0753173828125,
-0.11431884765625,
-0.03466796875,
0.05120849609375,
-0.0391845703125,
-0.10760498046875,
0.051544189453125,
-0.033294677734375,
-0.0660400390625,
-0.004871368408203125,
0.003376007080078125,
0.0118255615234375,
-0.0144500732421875,
0.0099639892578125,
-0.001628875732421875,
-0.0323486328125,
-0.07513427734375,
0.0697021484375,
0.02001953125,
0.10040283203125,
0.066650390625,
0.09454345703125,
0.1259765625,
-0.0182647705078125,
-0.00794219970703125,
0.08056640625,
-0.03350830078125,
0.056427001953125,
-0.012451171875,
0.0985107421875,
-0.009033203125,
-0.0443115234375,
-0.08563232421875,
0.08465576171875,
0.1368408203125,
-0.026885986328125,
0.03662109375,
-0.0182952880859375,
-0.031646728515625,
-0.026763916015625,
0.09552001953125,
0.011260986328125,
-0.033050537109375,
-0.05462646484375,
0.034698486328125,
-0.055389404296875,
-0.095947265625,
0.02447509765625,
-0.09259033203125,
-0.1021728515625,
-0.0241241455078125,
-0.007694244384765625,
-0.0679931640625,
-0.08819580078125,
0.049102783203125,
0.05426025390625,
0.074951171875,
0.00390625,
-0.00826263427734375,
0.03778076171875,
-0.05841064453125,
0.0036296844482421875,
-0.043426513671875,
-0.12451171875,
0.00800323486328125,
0.00820159912109375,
0.0036773681640625,
0.12646484375,
-0.059814453125,
-0.022613525390625,
0.134521484375,
0.07586669921875,
0.01433563232421875,
0.0748291015625,
0.021209716796875,
-0.00450897216796875,
-0.047332763671875,
-0.08050537109375,
0.0360107421875,
0.051483154296875,
-0.0626220703125,
-0.03326416015625,
-0.022003173828125,
0.00856781005859375,
-0.0023860931396484375,
0.077880859375,
0.021636962890625,
0.0052642822265625,
-0.09881591796875,
0.08721923828125,
0.03985595703125,
0.101318359375,
-0.052581787109375,
-0.08648681640625,
0.0141448974609375,
0.13427734375,
0.12176513671875,
0.0063934326171875,
-0.004924774169921875,
-0.0199737548828125,
-0.04608154296875,
0.1221923828125,
0.015655517578125,
-0.12359619140625,
-0.12249755859375,
0.03271484375,
0.0114288330078125,
0.034271240234375,
-0.1314697265625,
-0.0323486328125,
-0.004947662353515625,
0.032318115234375,
0.0968017578125,
-0.08642578125,
0.06005859375,
0.0088348388671875,
-0.007904052734375,
0.046173095703125,
-0.0018548965454101562,
-0.01374053955078125,
0.0399169921875,
-0.054168701171875,
0.050567626953125,
-0.06951904296875,
0.056915283203125,
-0.0287933349609375,
-0.0382080078125,
-0.049407958984375,
0.08953857421875,
-0.0069427490234375,
-0.09259033203125,
0.003955841064453125,
-0.0112152099609375,
-0.01800537109375,
-0.01468658447265625,
-0.0831298828125,
0.01641845703125,
-0.11627197265625,
-0.03656005859375,
0.0810546875,
-0.005474090576171875,
-0.0004439353942871094,
-0.03216552734375,
0.0906982421875,
-0.000728607177734375,
-0.00968170166015625,
0.05743408203125,
-0.0193023681640625,
-0.078857421875,
0.0287628173828125,
0.06768798828125,
-0.11871337890625,
0.01284027099609375,
-0.1055908203125,
-0.004673004150390625,
0.1041259765625,
-0.0665283203125,
0.026824951171875,
-0.11572265625,
0.0892333984375,
0.1346435546875,
0.05865478515625,
0.04461669921875,
-0.1090087890625,
0.0985107421875,
0.054840087890625,
0.06683349609375,
0.0239715576171875,
-0.027008056640625,
-0.052764892578125,
0.05706787109375,
0.2044677734375,
0.105224609375,
0.0152587890625,
-0.0433349609375,
0.0992431640625,
0.2054443359375,
0.068115234375,
-0.09912109375,
-0.1689453125,
-0.06402587890625,
0.1793212890625,
0.09051513671875,
-0.0672607421875,
-0.06817626953125,
-0.047637939453125,
0.1142578125,
0.09295654296875,
-0.0736083984375,
-0.0816650390625,
0.0014638900756835938,
-0.040802001953125,
-0.048614501953125,
-0.0634765625,
0.0289306640625,
-0.06494140625,
-0.071044921875,
0.01168060302734375,
-0.0173797607421875,
-0.0609130859375,
-0.0181884765625,
-0.09295654296875,
-0.075439453125,
0.034912109375,
0.021453857421875,
-0.02227783203125,
-0.0787353515625,
0.03515625,
0.11492919921875,
0.068115234375,
-0.08245849609375,
0.024932861328125,
0.030303955078125,
-0.02227783203125,
0.08447265625,
0.054595947265625,
0.07208251953125,
0.06103515625,
0.02783203125,
-0.0249786376953125,
0.10723876953125,
0.1297607421875,
0.10784912109375,
-0.049041748046875,
0.01666259765625,
0.044189453125,
0.1685791015625,
0.095703125,
-0.0061798095703125,
-0.17138671875,
0.08880615234375,
0.12396240234375,
0.1240234375,
-0.07891845703125,
-0.1549072265625,
-0.1053466796875,
0.1417236328125,
0.1392822265625,
-0.07012939453125,
0.004795074462890625,
-0.1536865234375,
-0.1005859375,
-0.1483154296875,
-0.08856201171875,
-0.0655517578125,
-0.0029048919677734375,
-0.09613037109375,
-0.1002197265625,
0.038848876953125,
-0.0026836395263671875,
-0.0008034706115722656,
0.09552001953125,
-0.0059356689453125,
0.114013671875,
0.058868408203125,
-0.00580596923828125,
0.09173583984375,
0.005146026611328125,
-0.008636474609375,
0.1002197265625,
0.049591064453125,
0.06671142578125,
-0.017791748046875,
0.034637451171875,
0.1458740234375,
0.1334228515625,
0.1295166015625,
0.1114501953125,
0.154541015625,
0.0965576171875,
0.14794921875,
0.06634521484375,
0.01334381103515625,
0.05352783203125,
0.1270751953125,
0.024200439453125,
0.126220703125,
0.1519775390625,
-0.0269317626953125,
0.0877685546875,
0.049224853515625,
0.0753173828125,
0.09173583984375,
-0.04254150390625,
-0.0482177734375,
-0.0112152099609375,
0.0477294921875,
0.0172882080078125,
-0.07745361328125,
-0.10614013671875,
-0.01354217529296875,
-0.0238189697265625,
-0.134765625,
0.0035686492919921875,
0.04010009765625,
-0.0238494873046875,
0.0036602020263671875,
0.0125732421875,
-0.056060791015625,
-0.01263427734375,
-0.049713134765625,
0.039642333984375,
0.019134521484375,
-0.002437591552734375,
0.00533294677734375,
0.0980224609375,
0.0301513671875,
0.04998779296875,
0.017974853515625,
0.06695556640625,
-0.02392578125,
-0.0596923828125,
0.0357666015625,
-0.028533935546875,
-0.03851318359375,
-0.1162109375,
-0.083984375,
-0.0950927734375,
0.0310211181640625,
0.058441162109375,
0.11334228515625,
-0.06866455078125,
0.023345947265625,
-0.031829833984375,
0.031402587890625,
0.06463623046875,
0.10528564453125,
0.07513427734375,
-0.05291748046875,
0.0859375,
0.152587890625,
0.1273193359375,
0.01233673095703125,
-0.0167083740234375,
0.0516357421875,
-0.0455322265625,
-0.056304931640625,
0.010528564453125,
-0.0211639404296875,
-0.00872802734375,
0.047454833984375,
0.015594482421875,
0.07965087890625,
0.0245513916015625,
0.0020847320556640625,
0.1123046875,
0.126708984375,
0.059539794921875,
0.056396484375,
-0.0487060546875,
0.02947998046875,
0.10443115234375,
-0.01397705078125,
-0.0914306640625,
0.022308349609375,
0.035064697265625,
0.07427978515625,
-0.031951904296875,
-0.05609130859375,
0.05767822265625,
0.05413818359375,
-0.0217742919921875,
-0.0094451904296875,
0.055023193359375,
0.0239715576171875,
-0.1314697265625,
-0.0849609375,
-0.041595458984375,
0.0027980804443359375,
-0.06158447265625,
-0.064697265625,
0.015380859375,
-0.0535888671875,
0.029388427734375,
0.132080078125,
0.09906005859375,
0.1416015625,
0.095703125,
0.1318359375,
0.1380615234375,
0.06060791015625,
0.0007486343383789062,
0.1474609375,
-0.026031494140625,
0.034759521484375,
-0.0147552490234375,
-0.047119140625,
0.06463623046875,
-0.06842041015625,
-0.10894775390625,
-0.06622314453125,
0.11981201171875,
0.1641845703125,
-0.12481689453125,
-0.123046875,
0.14404296875,
0.151123046875,
0.0467529296875,
-0.11688232421875,
-0.0119476318359375,
0.159423828125,
0.1361083984375,
-0.0711669921875,
-0.060882568359375,
0.131591796875,
0.1580810546875,
-0.01824951171875,
-0.09100341796875,
0.059967041015625,
0.032684326171875,
-0.04632568359375,
0.0145111083984375,
-0.02972412109375,
-0.126708984375,
-0.07916259765625,
-0.06988525390625,
-0.10064697265625,
-0.11187744140625,
0.01215362548828125,
-0.0867919921875,
-0.03338623046875,
-0.105712890625,
-0.046783447265625,
-0.08294677734375,
-0.139892578125,
-0.12347412109375,
-0.034637451171875,
-0.0823974609375,
-0.06964111328125,
-0.00330352783203125,
0.0062408447265625,
0.0289764404296875,
-0.01549530029296875,
-0.07568359375,
-0.063720703125,
0.006435394287109375,
-0.03228759765625,
0.015380859375,
-0.1077880859375,
0.0007767677307128906,
0.034515380859375,
0.1026611328125,
0.08984375,
-0.1253662109375,
0.013946533203125,
0.08935546875,
0.00949859619140625,
-0.09765625,
-0.009552001953125,
0.1324462890625,
0.034759521484375,
-0.08245849609375,
-0.10491943359375,
0.01395416259765625,
0.1187744140625,
0.01324462890625,
-0.11553955078125,
0.00908660888671875,
0.07635498046875,
0.016143798828125,
-0.0023956298828125,
-0.0457763671875,
-0.07489013671875,
-0.0594482421875,
-0.15966796875,
-0.1546630859375,
0.002117156982421875,
0.11004638671875,
-0.1195068359375,
-0.1861572265625,
-0.1556396484375,
0.072509765625,
0.06329345703125,
-0.10955810546875,
-0.06805419921875,
-0.0753173828125,
0.046661376953125,
0.055419921875,
-0.035003662109375,
-0.10595703125,
0.1087646484375,
0.14453125,
0.0274810791015625,
-0.032562255859375,
0.08258056640625,
0.054443359375,
-0.001598358154296875,
0.058074951171875,
-0.0026454925537109375,
-0.0263214111328125,
-0.12457275390625,
-0.05743408203125,
0.007335662841796875,
-0.047393798828125,
-0.058135986328125,
-0.095703125,
-0.11358642578125,
-0.03759765625,
0.0634765625,
-0.08642578125,
0.035980224609375,
0.0323486328125,
0.038116455078125,
0.0096435546875,
0.04864501953125,
0.04364013671875,
0.00540924072265625,
0.05731201171875,
-0.0112152099609375,
-0.0914306640625,
-0.0721435546875,
-0.004611968994140625,
-0.0811767578125,
0.04290771484375,
0.007564544677734375,
-0.0677490234375,
0.043121337890625,
0.1639404296875,
-0.058319091796875,
-0.054443359375,
0.04315185546875,
0.080078125,
0.06787109375,
-0.1195068359375,
-0.048370361328125,
0.08380126953125,
0.1396484375,
0.06634521484375,
-0.01480865478515625,
-0.07745361328125,
0.06494140625,
0.04522705078125,
0.06756591796875,
0.0009446144104003906,
0.0989990234375,
-0.01155853271484375,
0.050384521484375,
-0.06103515625,
-0.07537841796875,
0.0253753662109375,
0.023529052734375,
-0.004413604736328125,
0.08673095703125,
-0.0841064453125,
0.1094970703125,
0.0689697265625,
-0.043670654296875,
-0.088623046875,
0.0556640625,
0.07940673828125,
0.0592041015625,
-0.1370849609375,
-0.10107421875,
-0.0161285400390625,
0.126708984375,
-0.0211029052734375,
-0.060943603515625,
-0.076171875,
0.11724853515625,
0.04571533203125,
-0.0657958984375,
0.00884246826171875,
-0.072265625,
-0.0204620361328125,
0.01094818115234375,
-0.057952880859375,
-0.0199737548828125,
-0.05621337890625,
-0.06903076171875,
-0.07958984375,
-0.069091796875,
-0.07342529296875,
-0.04193115234375,
-0.09429931640625,
-0.131103515625,
-0.10101318359375,
-0.0704345703125,
-0.01171112060546875,
-0.07440185546875,
-0.1236572265625,
-0.0167694091796875,
-0.0443115234375,
0.00429534912109375,
-0.08587646484375,
-0.06915283203125,
-0.004558563232421875,
-0.06719970703125,
-0.0628662109375,
0.032928466796875,
0.126953125,
0.0291595458984375,
-0.0723876953125,
-0.11163330078125,
0.0675048828125,
0.1326904296875,
0.04486083984375,
-0.1353759765625,
-0.01611328125,
0.1083984375,
0.1358642578125,
-0.137939453125,
0.01265716552734375,
0.0185546875,
0.1827392578125,
-0.00292205810546875,
-0.042572021484375,
-0.0298004150390625,
-0.07684326171875,
0.068115234375,
-0.09222412109375,
0.0311279296875,
-0.023284912109375,
-0.032073974609375,
-0.0219268798828125,
0.0416259765625,
0.0006527900695800781,
-0.01045989990234375,
-0.031005859375,
-0.09075927734375,
0.007045745849609375,
0.11663818359375,
0.0406494140625,
-0.05560302734375,
-0.0565185546875,
0.094970703125,
0.110595703125,
-0.032867431640625,
-0.06842041015625,
-0.1053466796875,
0.1322021484375,
0.146484375,
-0.08734130859375,
-0.101806640625,
0.06683349609375,
0.1263427734375,
0.003780364990234375,
-0.001323699951171875,
-0.0225982666015625,
0.041168212890625,
-0.0997314453125,
-0.0140533447265625,
0.0149993896484375,
0.021392822265625,
-0.04205322265625,
-0.04925537109375,
-5.3763389587402344e-05,
0.005863189697265625,
-0.06793212890625,
0.0587158203125,
-0.10528564453125,
-0.03887939453125,
-0.0204010009765625,
-0.0426025390625,
0.0540771484375,
-0.06378173828125,
0.06304931640625,
0.07452392578125,
0.029052734375,
-0.08441162109375,
0.054595947265625,
-0.083984375,
0.035491943359375,
-0.0300140380859375,
-0.04803466796875,
0.0200042724609375,
-0.004398345947265625,
0.040130615234375,
-0.0203857421875,
-0.0687255859375,
0.048919677734375,
0.0887451171875,
0.051513671875,
-0.10302734375,
-0.08306884765625,
0.0992431640625,
0.130126953125,
-0.1322021484375,
-0.1263427734375,
0.025726318359375,
0.1007080078125,
-0.01549530029296875,
-0.07232666015625,
-0.004467010498046875,
0.06170654296875,
0.0487060546875,
0.045745849609375,
-0.0509033203125,
8.225440979003906e-05,
0.06573486328125,
-0.054595947265625,
-0.075927734375,
-0.0162353515625,
0.0867919921875,
0.048126220703125,
-0.1285400390625,
0.04052734375,
0.11029052734375,
-0.032073974609375,
-0.0755615234375,
0.09649658203125,
0.0706787109375,
0.12469482421875,
0.08404541015625,
-0.0245513916015625,
0.153564453125,
0.02899169921875,
0.043792724609375,
0.06976318359375,
0.0679931640625,
0.007843017578125,
-0.01202392578125,
0.02099609375,
0.0223846435546875,
0.06640625,
-0.04736328125,
0.0163116455078125,
0.007534027099609375,
0.044769287109375,
-0.047027587890625,
0.01354217529296875,
-0.0305328369140625,
0.054168701171875,
-0.067138671875,
0.0184173583984375,
-0.09088134765625,
-0.09112548828125,
0.051300048828125,
-0.005222320556640625,
-0.09954833984375,
-0.037445068359375,
-0.055084228515625,
0.031158447265625,
0.071044921875,
-0.042724609375,
-0.06787109375,
0.0111846923828125,
-0.025238037109375,
0.10308837890625,
-0.05242919921875,
-0.06048583984375,
0.07421875,
-0.051605224609375,
-0.03973388671875,
-0.1217041015625,
-0.025909423828125,
0.009979248046875,
0.0179290771484375,
0.0694580078125,
0.0799560546875,
0.0199432373046875,
0.1270751953125,
0.09783935546875,
-0.07696533203125,
0.00437164306640625,
0.012908935546875,
-0.0250244140625,
-0.042144775390625,
-0.0022335052490234375,
0.10888671875,
0.04547119140625,
0.0005884170532226562,
-0.0013170242309570312,
-0.001068115234375,
0.0718994140625,
0.0650634765625,
-0.10321044921875,
-0.0108642578125,
0.12103271484375,
-0.010711669921875,
0.0460205078125,
-0.0298309326171875,
-0.00794219970703125,
0.00827789306640625,
0.085693359375,
0.004703521728515625,
0.06854248046875,
0.08538818359375,
0.0909423828125,
0.012451171875,
0.0682373046875,
0.09649658203125,
0.012908935546875,
-0.055023193359375,
0.061309814453125,
0.048553466796875,
-0.0032520294189453125,
0.0243988037109375,
0.07373046875,
-0.0256805419921875,
-2.3126602172851562e-05,
-0.0237274169921875,
0.0838623046875,
0.08282470703125,
-0.0093841552734375,
-0.07232666015625,
0.06048583984375,
0.07244873046875,
0.04473876953125,
0.036590576171875,
0.038177490234375,
-0.06353759765625,
-0.07379150390625,
-0.039337158203125,
0.0249176025390625,
-0.09259033203125,
-0.060791015625,
-0.049102783203125,
0.028839111328125,
-0.06439208984375,
0.0188751220703125,
-0.0557861328125,
0.0234832763671875,
0.04144287109375,
-0.0204925537109375,
-0.0823974609375,
-0.09625244140625,
0.08892822265625,
0.0362548828125,
0.0290069580078125,
-0.06463623046875,
-0.03314208984375,
0.1083984375,
0.1285400390625,
-0.021331787109375,
0.045654296875,
0.037506103515625,
0.006900787353515625,
0.036590576171875,
0.0160980224609375,
0.015899658203125,
-0.045806884765625,
-0.04827880859375,
-0.04815673828125,
0.04559326171875,
0.08160400390625,
0.10601806640625,
-0.01483154296875,
0.0833740234375,
0.05938720703125,
0.138427734375,
0.03729248046875,
-0.1676025390625,
-0.172607421875,
0.09466552734375,
0.1337890625,
-0.07806396484375,
-0.2015380859375,
0.003299713134765625,
0.1424560546875,
0.1639404296875,
-0.1077880859375,
-0.16796875,
0.003643035888671875,
0.11669921875,
0.043670654296875,
-0.2041015625,
0.01374053955078125,
0.09228515625,
0.056915283203125,
-0.033477783203125,
0.0045166015625,
-0.026214599609375,
0.0721435546875,
0.023529052734375,
0.09112548828125,
0.02264404296875,
0.0297088623046875,
-0.07354736328125,
-0.09503173828125,
0.063232421875,
0.07330322265625,
-0.0193939208984375,
-0.03125,
-0.004451751708984375,
-0.05242919921875,
0.03887939453125,
0.0911865234375,
0.037811279296875,
0.02618408203125,
0.08856201171875,
0.02203369140625,
-0.0241546630859375,
-0.09063720703125,
0.03656005859375,
0.033447265625,
0.0239410400390625,
0.05609130859375,
0.050506591796875,
9.870529174804688e-05,
0.0210723876953125,
-0.06817626953125,
-0.07470703125,
0.05804443359375,
0.08447265625,
-0.032623291015625,
-0.201171875,
0.053253173828125,
0.053375244140625,
0.167236328125,
-0.156005859375,
-0.12017822265625,
0.1148681640625,
0.04522705078125,
0.07452392578125,
-0.1507568359375,
-0.0295257568359375,
0.02203369140625,
0.0276031494140625,
0.038726806640625,
-0.0218505859375,
-0.030548095703125,
0.10101318359375,
0.1103515625,
-0.103271484375,
0.059356689453125,
0.06939697265625,
-0.059661865234375,
-0.092529296875,
-0.12176513671875,
0.168212890625,
-0.002490997314453125,
-0.187744140625,
-0.08428955078125,
0.07080078125,
0.114990234375,
-0.0218048095703125,
-0.188232421875,
0.053955078125,
0.061553955078125,
0.0701904296875,
-0.1160888671875,
-0.0682373046875,
0.0870361328125,
0.0302581787109375,
0.078857421875,
-0.04730224609375,
-0.08203125,
0.08795166015625,
0.030548095703125,
-0.042266845703125,
-0.03143310546875,
0.00365447998046875,
0.057403564453125,
-0.04150390625,
-0.0009412765502929688,
0.1256103515625,
0.117919921875,
0.02435302734375,
-0.03363037109375,
-0.019317626953125,
0.1024169921875,
0.00464630126953125,
-0.01139068603515625,
-0.04962158203125,
0.07977294921875,
0.05517578125,
0.08514404296875,
-0.01313018798828125,
-0.032257080078125,
0.009521484375,
0.069091796875,
-0.059173583984375,
-0.022308349609375,
0.040802001953125,
0.13525390625,
-0.01654052734375,
-0.022491455078125,
-0.1884765625,
0.043914794921875,
0.1324462890625,
0.05718994140625,
-0.10260009765625,
-0.10772705078125,
-0.01306915283203125,
0.140380859375,
-0.103271484375,
-0.1448974609375,
-0.072998046875,
0.049835205078125,
0.061614990234375,
-0.051971435546875,
-0.1573486328125,
-0.06536865234375,
0.061126708984375,
0.07916259765625,
-0.0299224853515625,
-0.01148223876953125,
0.0386962890625,
0.01451873779296875,
-0.032928466796875,
-0.1336669921875,
0.1455078125,
0.11767578125,
0.0452880859375,
-0.109130859375,
-0.09991455078125,
0.189208984375,
0.04998779296875,
0.0019893646240234375,
-0.0853271484375,
-0.0124053955078125,
0.14013671875,
-0.032989501953125,
-0.037750244140625,
-0.01560211181640625,
-0.01476287841796875,
0.043426513671875,
-0.05908203125,
0.01033782958984375,
0.019317626953125,
0.07470703125,
-0.0379638671875,
-0.0033550262451171875,
0.007781982421875,
0.06402587890625,
-0.043853759765625,
-0.1241455078125,
-0.08551025390625,
0.05120849609375,
0.08404541015625,
-0.0292816162109375,
-0.0811767578125,
0.0194854736328125,
0.0577392578125,
0.06488037109375,
0.0174713134765625,
0.0271759033203125,
0.039154052734375,
0.047760009765625,
0.05780029296875,
0.020965576171875,
0.0255279541015625,
0.016204833984375,
0.041656494140625,
-0.0352783203125,
0.0928955078125,
0.03680419921875,
-0.004016876220703125,
-0.05352783203125,
-0.11358642578125,
0.11376953125,
0.06658935546875,
-0.0270843505859375,
-0.11431884765625,
-0.037750244140625,
0.07049560546875,
0.04119873046875,
-0.09967041015625,
0.01346588134765625,
-0.016876220703125,
0.1011962890625,
-0.007289886474609375,
-0.0357666015625,
-0.07452392578125,
-0.0408935546875,
0.1514892578125,
0.0210723876953125,
-0.0021228790283203125,
-0.071533203125,
-0.047454833984375,
0.0117950439453125,
-0.005962371826171875,
-0.0072479248046875,
0.00205230712890625,
-0.03277587890625,
-0.149658203125,
-0.0679931640625,
0.101806640625,
0.1285400390625,
0.037811279296875,
-0.2218017578125,
0.05938720703125,
0.1802978515625,
0.007556915283203125,
-0.0277862548828125,
-0.08673095703125,
0.01509857177734375,
0.195068359375,
0.0479736328125,
-0.06024169921875,
-0.09466552734375,
0.043701171875,
0.0955810546875,
-0.03375244140625,
0.00971221923828125,
-0.036285400390625,
0.12408447265625,
-0.06072998046875,
-0.038299560546875,
0.085693359375,
-0.036590576171875,
-0.0138397216796875,
-0.007617950439453125,
0.06976318359375,
0.06500244140625,
-0.076416015625,
0.0302734375,
0.01253509521484375,
0.064208984375,
0.001766204833984375,
0.08843994140625,
-0.060516357421875,
0.01248931884765625,
-0.007297515869140625,
0.07489013671875,
-0.055084228515625,
0.063232421875,
0.058746337890625,
0.09100341796875,
-0.03302001953125,
0.03125,
0.0217132568359375,
-0.08526611328125,
-0.0009474754333496094,
-0.1011962890625,
-0.12890625,
0.00771331787109375,
0.17333984375,
0.161865234375,
0.00714874267578125,
-0.10284423828125,
-0.00841522216796875,
0.024688720703125,
0.1368408203125,
-0.0292510986328125,
-0.108154296875,
0.004673004150390625,
0.1324462890625,
0.1219482421875,
-0.017578125,
-0.10284423828125,
0.018585205078125,
0.06475830078125,
0.1063232421875,
-0.040771484375,
-0.005096435546875,
0.11102294921875,
-0.0740966796875,
0.035614013671875,
-0.0124359130859375,
-0.0134735107421875,
-0.08221435546875,
-0.032318115234375,
-0.03070068359375,
0.07623291015625,
0.09368896484375,
0.0266265869140625,
0.044219970703125,
0.04962158203125,
0.0875244140625,
0.11395263671875,
0.049224853515625,
0.083984375,
-0.0634765625,
-0.01197052001953125,
0.104736328125,
0.0938720703125,
0.0860595703125,
-0.051422119140625,
-0.05364990234375,
0.047271728515625,
0.025146484375,
0.043212890625,
0.061676025390625,
0.07537841796875,
0.00980377197265625,
0.058380126953125,
0.019317626953125,
0.09906005859375,
0.00958251953125,
0.053619384765625,
0.024017333984375,
-0.061279296875,
0.06591796875,
-0.0249176025390625,
-0.036376953125,
-0.01114654541015625,
0.026824951171875,
-0.005100250244140625,
-0.006473541259765625,
0.053863525390625,
-0.002429962158203125,
-0.0154571533203125,
-0.041229248046875,
-0.04949951171875,
0.018463134765625,
0.0399169921875,
0.02545166015625,
0.0733642578125,
0.0281982421875,
-0.046905517578125,
-0.045379638671875,
-0.07080078125,
0.035858154296875,
0.0738525390625,
-0.01898193359375,
0.041656494140625,
-0.0138092041015625,
-0.041168212890625,
0.0478515625,
-0.060638427734375,
0.055816650390625,
0.00923919677734375,
0.01290130615234375,
0.053009033203125,
0.0826416015625,
0.06512451171875,
0.08740234375,
-0.042327880859375,
0.0284576416015625,
-0.099365234375,
-0.038177490234375,
0.05010986328125,
0.01256561279296875,
-0.06646728515625,
0.08489990234375,
0.025482177734375,
0.07318115234375,
-0.06463623046875,
-0.0081939697265625,
0.1209716796875,
0.14111328125,
0.09912109375,
-0.0148468017578125,
0.0950927734375,
0.0802001953125,
0.141845703125,
0.1365966796875,
0.0299835205078125,
0.0501708984375,
0.1297607421875,
0.1300048828125,
0.0231781005859375,
0.0102081298828125,
0.06610107421875,
-0.004302978515625,
-0.05816650390625,
-0.00954437255859375,
0.017852783203125,
0.09759521484375,
0.0010662078857421875,
0.0838623046875,
0.025787353515625,
-0.0137481689453125,
-0.0382080078125,
0.07208251953125,
0.07073974609375,
0.022674560546875,
-0.00608062744140625,
-0.04534912109375,
-0.037017822265625,
-0.0806884765625,
0.0007996559143066406,
0.0109100341796875,
-0.054718017578125,
-0.041656494140625,
-0.09210205078125,
-0.09454345703125,
-0.050872802734375,
-0.044342041015625,
-0.04351806640625,
0.000637054443359375,
0.0142059326171875,
0.04705810546875,
0.003398895263671875,
-0.076416015625,
0.0121612548828125,
0.01255035400390625,
0.03277587890625,
0.0650634765625,
0.09515380859375,
0.0911865234375,
0.006282806396484375,
-0.076904296875,
0.0753173828125,
0.090087890625,
0.0914306640625,
0.020416259765625,
-0.01074981689453125,
0.084228515625,
0.06610107421875,
0.05517578125,
-0.027069091796875,
-0.0203094482421875,
-0.045074462890625,
0.07720947265625,
0.1007080078125,
-0.041900634765625,
-0.004512786865234375,
0.044586181640625,
-0.0548095703125,
-0.055267333984375,
0.0214996337890625,
0.00734710693359375,
-0.038116455078125,
-0.08673095703125,
-0.08056640625,
-0.068603515625,
0.1312255859375,
0.1259765625,
-0.1160888671875,
-0.1568603515625,
0.0196380615234375,
0.1170654296875,
0.1275634765625,
-0.10797119140625,
-0.1744384765625,
-0.0302734375,
0.1107177734375,
-0.05364990234375,
-0.0892333984375,
-0.1549072265625,
-0.005374908447265625,
0.0020580291748046875,
0.01152801513671875,
0.06671142578125,
0.035400390625,
0.040313720703125,
0.03643798828125,
0.05242919921875,
0.0168609619140625,
0.0254669189453125,
0.0205078125,
0.049560546875,
0.1259765625,
0.040679931640625,
-0.007678985595703125,
0.0645751953125,
0.05792236328125,
0.1180419921875,
0.1282958984375,
0.10369873046875,
0.0999755859375,
0.044158935546875,
0.006786346435546875,
0.07373046875,
0.10150146484375,
0.0239410400390625,
-0.03314208984375,
-0.10089111328125,
-0.046142578125,
0.0997314453125,
0.08135986328125,
-0.08416748046875,
-0.0552978515625,
0.022125244140625,
0.08685302734375,
0.08648681640625,
0.06622314453125,
-0.11920166015625,
-0.0570068359375,
0.0262908935546875,
0.11895751953125,
0.052886962890625,
-0.07843017578125,
-0.013092041015625,
-0.0919189453125,
-0.03887939453125,
0.061553955078125,
-0.1343994140625,
-0.10296630859375,
-0.07080078125,
0.104736328125,
0.08013916015625,
-0.1031494140625,
-0.03387451171875,
-0.0479736328125,
-0.03778076171875,
-0.00841522216796875,
-0.01348114013671875,
-0.09906005859375,
-0.016937255859375,
0.024932861328125,
0.00859832763671875,
0.006023406982421875,
-0.07952880859375,
-0.1268310546875,
-0.036163330078125,
-0.0226898193359375,
0.1309814453125,
-0.07427978515625,
-0.08807373046875,
-0.0343017578125,
0.054931640625,
-0.0193328857421875,
-0.123779296875,
-0.0133209228515625,
-0.02764892578125,
0.11273193359375,
-0.02935791015625,
0.09716796875,
0.01824951171875,
0.0810546875,
-0.019989013671875,
0.09832763671875,
0.06219482421875,
-0.032196044921875,
-0.06146240234375,
0.042327880859375,
0.1031494140625,
0.029083251953125,
-0.01300048828125,
-0.024627685546875,
0.09222412109375,
-0.017120361328125,
0.130859375,
0.039825439453125,
-0.0010662078857421875,
-0.06640625,
0.045196533203125,
0.09259033203125,
0.07470703125,
0.102783203125,
-0.007099151611328125,
0.034576416015625,
-0.04296875,
-0.039703369140625,
0.040985107421875,
0.1416015625,
-0.075439453125,
-0.09814453125,
-0.1044921875,
0.00528717041015625,
0.054107666015625,
0.05120849609375,
-0.02471923828125,
-0.09759521484375,
-0.08929443359375,
0.142822265625,
0.09661865234375,
-0.13818359375,
-0.1507568359375,
-0.00977325439453125,
0.09600830078125,
-0.00014448165893554688,
-0.10662841796875,
-0.07080078125,
-0.0814208984375,
0.07562255859375,
0.1480712890625,
0.0799560546875,
-0.038238525390625,
0.00612640380859375,
-0.0197906494140625,
0.159423828125,
0.002017974853515625,
-0.2052001953125,
-0.07000732421875,
0.056671142578125,
0.004756927490234375,
0.0019426345825195312,
-0.045928955078125,
-0.05224609375,
0.03253173828125,
0.01474761962890625,
-0.04693603515625,
-0.0177459716796875,
0.07330322265625,
-0.0760498046875,
0.0023059844970703125,
0.0155029296875,
-0.07403564453125,
-0.0194549560546875,
0.06390380859375,
-0.06365966796875,
0.05914306640625,
0.022186279296875,
0.0421142578125,
-0.07476806640625,
0.07269287109375,
0.05572509765625,
0.083984375,
-0.006740570068359375,
-0.03125,
0.067138671875,
0.032257080078125,
0.0255279541015625,
0.007843017578125,
-0.061859130859375,
-0.035919189453125,
0.063720703125,
0.07867431640625,
-0.008514404296875,
-0.04046630859375,
-0.012420654296875,
0.030364990234375,
-0.00690460205078125,
0.039886474609375,
0.11041259765625,
0.04345703125,
0.0545654296875,
-0.09930419921875,
-0.0455322265625,
0.1075439453125,
-0.013885498046875,
-0.0487060546875,
0.0042266845703125,
0.050140380859375,
0.016632080078125,
-0.08807373046875,
-0.08172607421875,
0.07720947265625,
0.0919189453125,
-0.0196533203125,
-0.08123779296875,
0.00042557716369628906,
0.10870361328125,
0.08148193359375,
0.09136962890625,
0.00719451904296875,
0.037933349609375,
-0.0294952392578125,
-0.07623291015625,
-0.06103515625,
0.102783203125,
0.050872802734375,
-0.0188751220703125,
-0.102783203125,
0.019256591796875,
0.05474853515625,
0.12261962890625,
-0.038360595703125,
-0.08642578125,
0.023193359375,
0.1866455078125,
0.1513671875,
-0.054779052734375,
-0.045562744140625,
-0.039306640625,
0.10101318359375,
-0.018585205078125,
-0.04046630859375,
0.0177001953125,
0.00405120849609375,
0.1298828125,
0.047454833984375,
-0.007465362548828125,
0.041778564453125,
0.045684814453125,
0.055908203125,
0.0304718017578125,
-0.0484619140625,
-0.037261962890625,
-0.07244873046875,
-0.055419921875,
-0.045654296875,
0.0015516281127929688,
0.074951171875,
0.036407470703125,
-0.01409912109375,
0.093017578125,
-0.050537109375,
0.00799560546875,
-0.0240631103515625,
-0.062225341796875,
-0.0266571044921875,
0.00794219970703125,
-0.051849365234375,
-0.0291748046875,
0.06890869140625,
0.0408935546875,
0.043060302734375,
0.036529541015625,
0.0130615234375,
0.035888671875,
0.04595947265625,
-0.050750732421875,
-0.1302490234375,
-0.046783447265625,
0.07708740234375,
0.018768310546875,
-0.023712158203125,
-0.00911712646484375,
0.05523681640625,
0.059234619140625,
0.014862060546875,
-0.1588134765625,
-0.04302978515625,
0.0130615234375,
0.1453857421875,
-0.026580810546875,
-0.10443115234375,
-0.012054443359375,
-0.039398193359375,
0.0667724609375,
-0.018402099609375,
0.03729248046875,
-0.027191162109375,
-0.047943115234375,
-0.068115234375,
0.0292510986328125,
-0.0877685546875,
0.049072265625,
-0.046539306640625,
0.050018310546875,
-0.0185089111328125,
-0.01104736328125,
0.013214111328125,
0.0113677978515625,
-0.0298919677734375,
-0.046722412109375,
0.0002574920654296875,
0.036865234375,
0.0791015625,
-0.02117919921875,
0.10760498046875,
0.1173095703125,
-0.031646728515625,
0.039794921875,
-0.08294677734375,
-0.12261962890625,
-0.04205322265625,
0.0972900390625,
0.08465576171875,
0.0804443359375,
-0.004886627197265625,
-0.0120391845703125,
0.0107574462890625,
-0.0322265625,
-0.08135986328125,
-0.03662109375,
-0.032073974609375,
0.031219482421875,
0.01007080078125,
-0.101318359375,
-0.07073974609375,
-0.0182037353515625,
-0.019866943359375,
0.0022640228271484375,
-0.000682830810546875,
0.0165863037109375,
-0.07861328125,
0.0198822021484375,
-0.0255889892578125,
0.060089111328125,
-0.043975830078125,
-0.039031982421875,
-0.03955078125,
0.01788330078125,
-0.0092620849609375,
-0.0264892578125,
0.0214691162109375,
0.028717041015625,
0.053680419921875,
0.058441162109375,
-0.09613037109375,
-0.09161376953125,
-0.0218048095703125,
0.05413818359375,
-0.0246429443359375,
-0.0615234375,
0.0081787109375,
0.130126953125,
-0.046600341796875,
-0.0584716796875,
0.03985595703125,
0.11676025390625,
0.002803802490234375,
-0.0977783203125,
0.0276031494140625,
-0.0576171875,
-0.04302978515625,
0.057952880859375,
-0.07110595703125,
0.027618408203125,
0.0787353515625,
0.06524658203125,
0.06951904296875,
0.035552978515625,
0.0377197265625,
0.141357421875,
0.0592041015625,
-0.055908203125,
0.08428955078125,
0.09002685546875,
0.1767578125,
0.11492919921875,
0.1441650390625,
0.131103515625,
0.166015625,
0.09014892578125,
0.06903076171875,
-0.0024623870849609375,
-0.032196044921875,
-0.0745849609375,
-0.091796875,
0.0227203369140625,
-0.040496826171875,
0.09716796875,
-0.021514892578125,
-0.04534912109375,
0.07989501953125,
0.026336669921875,
0.05023193359375,
0.0275115966796875,
-0.06658935546875,
-0.001338958740234375,
0.0250244140625,
0.0247344970703125,
-0.0250244140625,
0.046783447265625,
0.01531982421875,
0.0030345916748046875,
0.07379150390625,
0.0377197265625,
0.0235137939453125,
-0.0943603515625,
-0.057220458984375,
-0.022979736328125,
-0.021759033203125,
-0.07745361328125,
-0.058441162109375,
-0.0015773773193359375,
0.044677734375,
-0.0023441314697265625,
-0.0377197265625,
0.037567138671875,
-0.09881591796875,
-0.0096588134765625,
-0.0640869140625,
-0.016876220703125,
-0.031036376953125,
-0.09625244140625,
0.05010986328125,
0.147705078125,
0.12188720703125,
0.08837890625,
0.10418701171875,
0.02447509765625,
0.0765380859375,
0.131591796875,
0.12017822265625,
0.015380859375,
0.08984375,
-0.001354217529296875,
0.054718017578125,
-0.043609619140625,
-0.00943756103515625,
0.06781005859375,
0.05218505859375,
-0.049468994140625,
0.06732177734375,
0.11590576171875,
-0.01751708984375,
-0.0355224609375,
0.05596923828125,
0.07525634765625,
0.12890625,
-0.0009260177612304688,
0.06640625,
0.0594482421875,
0.072998046875,
0.11907958984375,
0.083740234375,
0.059234619140625,
0.040435791015625,
-0.07049560546875,
0.043731689453125,
-0.081298828125,
-0.061431884765625,
-0.06793212890625,
-0.025177001953125,
-0.027252197265625,
-0.0321044921875,
0.010711669921875,
-0.050506591796875,
0.09747314453125,
0.02301025390625,
0.0137939453125,
-0.0302886962890625,
-0.0411376953125,
-0.01059722900390625,
-0.055023193359375,
0.032440185546875,
0.005077362060546875,
-0.111328125,
-0.076416015625,
0.05126953125,
-0.028533935546875,
-0.0814208984375,
-0.05645751953125,
-0.08203125,
-0.032684326171875,
-0.0430908203125,
-0.05194091796875,
-0.004436492919921875,
0.018768310546875,
0.0203857421875,
-0.0679931640625,
0.0704345703125,
0.056060791015625,
-0.020111083984375,
0.0987548828125,
0.104248046875,
0.055999755859375,
0.00490570068359375,
0.1112060546875,
-0.0186614990234375,
0.0638427734375,
0.026641845703125,
0.0594482421875,
0.0179290771484375,
0.0020389556884765625,
0.043121337890625,
0.08453369140625,
-0.006130218505859375,
-0.01137542724609375,
0.01206207275390625,
0.01045989990234375,
0.04296875,
-0.07757568359375,
-0.046905517578125,
-0.0024871826171875,
0.057525634765625,
0.08575439453125,
0.087158203125,
0.047027587890625,
0.09088134765625,
0.042877197265625,
-0.03875732421875,
0.0655517578125,
-0.034393310546875,
0.0171661376953125,
0.0006046295166015625,
-0.037353515625,
0.093994140625,
0.1004638671875,
0.05712890625,
0.04083251953125,
-0.0271148681640625,
0.0704345703125,
0.08660888671875,
0.08526611328125,
-0.1103515625,
-0.06280517578125,
-0.051300048828125,
-0.033721923828125,
0.0250396728515625,
0.050689697265625,
0.062408447265625,
-0.05377197265625,
0.052520751953125,
-0.052459716796875,
0.049560546875,
0.0789794921875,
0.03076171875,
0.032073974609375,
0.0704345703125,
-0.0809326171875,
-0.01055908203125,
-0.01042938232421875,
-0.03424072265625,
-0.07818603515625,
-0.057342529296875,
0.03338623046875,
0.017578125,
0.052520751953125,
-0.0032482147216796875,
0.061065673828125,
0.08233642578125,
0.07916259765625,
0.0682373046875,
0.038238525390625,
-0.0821533203125,
-0.050018310546875,
-0.074951171875,
0.055267333984375,
0.10723876953125,
0.1063232421875,
0.120361328125,
0.0733642578125,
0.0391845703125,
0.03375244140625,
0.1273193359375,
0.0225982666015625,
0.0228271484375,
0.07159423828125,
0.0084228515625,
0.0716552734375,
0.03558349609375,
-0.0034999847412109375,
0.09185791015625,
-0.01061248779296875,
-0.041473388671875,
-0.0146942138671875,
-0.0814208984375,
-0.021820068359375,
0.0297698974609375,
0.05908203125,
0.0662841796875,
-0.018463134765625,
-0.09619140625,
-0.064208984375,
0.0169525146484375,
0.08428955078125,
0.06060791015625,
0.04229736328125,
0.0626220703125,
-0.0888671875,
0.06854248046875,
0.158203125,
0.1895751953125,
0.1297607421875,
-0.06494140625,
-0.08819580078125,
-0.122314453125,
0.00931549072265625,
-0.0040740966796875,
-0.166748046875,
-0.185791015625,
-0.19970703125,
-0.1650390625,
-0.06787109375,
-0.0491943359375,
0.04144287109375,
-0.049041748046875,
-0.0565185546875,
0.014129638671875,
0.05908203125,
0.0184326171875,
-0.0213165283203125,
-0.0328369140625,
-0.045562744140625,
0.0070037841796875,
-0.03985595703125,
-0.038421630859375,
0.0247039794921875,
0.1080322265625,
-0.0322265625,
0.06475830078125,
-0.0272674560546875,
-0.0845947265625,
-0.00968170166015625,
0.01264190673828125,
0.09283447265625,
0.078125,
-0.072998046875,
-0.07061767578125,
0.0155487060546875,
0.09539794921875,
0.0750732421875,
-0.033721923828125,
0.0104827880859375,
0.050689697265625,
0.05914306640625,
0.0291900634765625,
-0.006866455078125,
0.0182647705078125,
-0.086669921875,
0.028076171875,
0.09307861328125,
0.03155517578125,
0.06298828125,
-0.076416015625,
0.05023193359375,
-0.06756591796875,
-0.0225830078125,
-0.0258026123046875,
-0.10418701171875,
-0.01114654541015625,
0.072509765625,
0.03564453125,
-0.0721435546875,
0.1387939453125,
-0.0176239013671875,
-0.0182952880859375,
0.087158203125,
-0.064697265625,
0.04547119140625,
0.036224365234375,
0.191650390625,
0.0712890625,
0.0191497802734375,
-0.02325439453125,
0.006534576416015625,
0.10540771484375,
0.11883544921875,
0.196044921875,
-0.1014404296875,
0.007015228271484375,
0.0135345458984375,
0.0611572265625,
0.10552978515625,
-0.07049560546875,
-0.1732177734375,
-0.03753662109375,
-0.15283203125,
-0.07122802734375,
-0.0178680419921875,
-0.07244873046875,
-0.00536346435546875,
0.0350341796875,
0.02996826171875,
0.0728759765625,
-0.08416748046875,
-0.0821533203125,
-0.08917236328125,
0.02923583984375,
-0.08056640625,
-0.0076141357421875,
-0.0237274169921875,
-0.131103515625,
-0.06439208984375,
0.06573486328125,
0.031585693359375,
-0.0265045166015625,
0.0243988037109375,
0.046600341796875,
0.07244873046875,
0.08331298828125,
-0.006061553955078125,
-0.01415252685546875,
-0.00838470458984375,
0.11248779296875,
0.014801025390625,
0.06134033203125,
0.027130126953125,
0.0103302001953125,
0.1422119140625,
0.060546875,
0.115966796875,
0.1510009765625,
0.07757568359375,
-0.0031185150146484375,
0.08343505859375,
0.0787353515625,
0.1177978515625,
0.149658203125,
-0.087158203125,
-0.11688232421875,
0.007640838623046875,
0.152587890625,
0.10968017578125,
-0.047698974609375,
-0.1273193359375,
-0.053741455078125,
0.0298004150390625,
0.05841064453125
