0.0252685546875,
0.054656982421875,
-0.031494140625,
-0.038665771484375,
0.0245513916015625,
0.057525634765625,
0.048675537109375,
0.03558349609375,
0.032623291015625,
0.01029205322265625,
0.044525146484375,
0.015625,
-0.03314208984375,
0.02935791015625,
0.043060302734375,
0.0416259765625,
0.022979736328125,
-0.00768280029296875,
-0.030120849609375,
0.0423583984375,
-0.034332275390625,
0.007167816162109375,
-0.038482666015625,
-0.0050811767578125,
0.0081329345703125,
-0.0192413330078125,
-0.0362548828125,
-0.036834716796875,
-0.018829345703125,
-0.015045166015625,
-0.03460693359375,
-0.0026721954345703125,
-0.01129150390625,
0.0205535888671875,
-0.01184844970703125,
0.0211181640625,
0.048797607421875,
0.03759765625,
0.0301971435546875,
-0.02960205078125,
0.0157012939453125,
0.00836944580078125,
-0.004726409912109375,
-0.034088134765625,
-0.0260162353515625,
-0.032928466796875,
0.02850341796875,
0.01442718505859375,
0.0014896392822265625,
-0.040985107421875,
0.0007882118225097656,
0.0003941059112548828,
0.03240966796875,
0.031585693359375,
0.0040435791015625,
-0.01476287841796875,
-0.0552978515625,
-0.047698974609375,
-0.027587890625,
0.049346923828125,
-0.006633758544921875,
0.060028076171875,
0.03424072265625,
-0.01690673828125,
0.00714111328125,
-0.0032444000244140625,
-0.048126220703125,
-0.04986572265625,
0.01560211181640625,
0.0111236572265625,
0.0213775634765625,
0.034454345703125,
-0.0211334228515625,
0.01494598388671875,
-0.0222625732421875,
-0.030181884765625,
0.0035610198974609375,
-0.0004191398620605469,
-0.019012451171875,
0.06719970703125,
-0.0228271484375,
0.0178375244140625,
-0.0391845703125,
-0.03509521484375,
0.0291595458984375,
0.024444580078125,
0.051605224609375,
0.0108184814453125,
-0.024749755859375,
0.025146484375,
-0.017059326171875,
0.0240020751953125,
-0.043426513671875,
0.034149169921875,
0.020263671875,
0.00788116455078125,
-0.0009784698486328125,
0.00981903076171875,
0.0147705078125,
-0.035675048828125,
0.014068603515625,
-0.042816162109375,
-0.0031108856201171875,
-0.0122528076171875,
0.004741668701171875,
-0.047454833984375,
-0.00469207763671875,
0.00440216064453125,
0.033111572265625,
0.01265716552734375,
0.027496337890625,
-0.01294708251953125,
0.0474853515625,
-0.004638671875,
-0.0258331298828125,
0.029937744140625,
0.0245819091796875,
0.028656005859375,
-0.039764404296875,
0.045074462890625
