0.14306640625,
-0.12841796875,
0.1829833984375,
0.050567626953125,
-0.10650634765625,
-0.115478515625,
0.0281829833984375,
-0.04736328125,
-0.003936767578125,
0.1009521484375,
-0.049896240234375,
0.0045318603515625,
0.067138671875,
-0.10601806640625,
-0.003574371337890625,
0.147216796875,
-0.00885009765625,
-0.07073974609375,
-0.2109375,
-0.00530242919921875,
0.132080078125,
-0.0772705078125,
-0.08905029296875,
0.052764892578125,
0.11669921875,
-0.09661865234375,
0.0255584716796875,
0.06878662109375,
-0.040374755859375,
-0.072265625,
-0.13134765625,
0.0386962890625,
0.11126708984375,
-0.050048828125,
-0.044281005859375,
-0.03692626953125,
0.11126708984375,
0.01312255859375,
-0.042724609375,
-0.04815673828125,
-0.004894256591796875,
0.075927734375,
0.050018310546875,
0.10821533203125,
-0.09979248046875,
0.07135009765625,
-0.06500244140625,
0.042083740234375,
0.1256103515625,
0.10028076171875,
-0.02471923828125,
-0.06329345703125,
-0.0325927734375,
-0.0784912109375,
-0.1865234375,
-0.06561279296875,
-0.0034084320068359375,
0.007732391357421875,
-0.1512451171875,
-0.0255584716796875,
-0.051849365234375,
-0.08868408203125,
0.057769775390625,
-0.0203704833984375,
-0.089111328125,
-0.197021484375,
-0.11407470703125,
0.047637939453125,
0.12152099609375,
-0.0631103515625,
-0.1553955078125,
0.113037109375,
-0.18798828125,
0.046844482421875,
0.07830810546875,
0.054107666015625,
-0.05255126953125,
0.10565185546875,
0.0625,
0.107421875,
-0.0120391845703125,
-0.0158843994140625,
0.04168701171875,
0.059722900390625,
-0.1439208984375,
-0.06060791015625,
-0.06805419921875,
-0.057281494140625,
-0.08050537109375,
-0.06988525390625,
0.198486328125,
-0.1900634765625,
-0.054595947265625,
-0.03521728515625,
-0.0181121826171875,
-0.11004638671875,
0.057525634765625,
-0.07940673828125,
0.1641845703125,
0.050201416015625,
-0.028839111328125,
-0.09649658203125,
0.1435546875,
0.007419586181640625,
-0.07061767578125,
0.01294708251953125,
-0.06878662109375,
0.09527587890625,
-0.1558837890625,
0.10693359375,
0.054443359375,
-0.0743408203125,
-0.1375732421875,
0.09765625,
-0.187255859375,
0.1590576171875,
-0.0182342529296875,
0.0859375,
-0.069091796875,
0.1512451171875,
-0.04168701171875,
0.0460205078125,
-0.0176239013671875,
0.06915283203125,
0.09820556640625,
-0.01328277587890625,
0.0911865234375,
-0.158447265625,
-0.0184783935546875,
-0.097900390625,
-0.0308074951171875,
-0.07537841796875,
0.132568359375,
0.01096343994140625,
0.1707763671875,
-0.197265625,
-0.070068359375,
-0.120849609375,
-0.09295654296875,
0.0845947265625,
-0.09906005859375,
0.0278167724609375,
0.1573486328125,
-0.1279296875,
-0.146484375,
-0.1680908203125,
0.10357666015625,
0.210693359375,
0.031951904296875,
-0.0584716796875,
0.01447296142578125,
-0.059112548828125,
-0.048095703125,
0.036956787109375,
0.14404296875,
0.026611328125,
0.0245513916015625,
0.0362548828125,
-0.04241943359375,
-0.1544189453125,
0.058837890625,
-0.02972412109375,
0.08392333984375,
-0.05517578125,
0.046630859375,
0.1456298828125,
-0.09356689453125,
0.046783447265625,
-0.1353759765625,
-0.030731201171875,
0.043243408203125,
0.00894927978515625,
-0.096923828125,
0.0014829635620117188,
-0.1925048828125,
0.009521484375,
-0.0182647705078125,
0.03338623046875,
-0.07659912109375,
-0.1328125,
-0.048065185546875,
0.0180816650390625,
0.1563720703125,
-0.134521484375,
0.0628662109375,
-0.0478515625,
-0.1217041015625,
0.1820068359375,
0.11126708984375,
-0.058990478515625,
0.12457275390625,
0.041259765625,
0.072021484375,
0.0004546642303466797,
0.0899658203125,
-0.0226287841796875,
0.0303497314453125,
0.0282745361328125,
0.054962158203125,
0.09136962890625,
-0.050628662109375,
0.017547607421875,
0.06298828125,
0.1351318359375,
0.1580810546875,
-0.0263519287109375,
-0.00757598876953125,
-0.1378173828125,
-0.1031494140625,
0.055023193359375,
-0.07769775390625,
-0.056488037109375,
-0.003177642822265625,
-0.053802490234375,
0.10113525390625,
-0.0635986328125,
-0.1173095703125,
-0.12335205078125,
0.023284912109375,
0.07867431640625,
-0.064208984375,
-0.11602783203125,
-0.14599609375,
-0.07537841796875,
-0.124267578125,
-0.051361083984375,
-0.046295166015625,
-0.175537109375,
-0.1351318359375,
-0.12493896484375,
0.1480712890625,
0.1326904296875,
-0.039947509765625,
-0.135009765625,
0.155029296875,
-0.030029296875,
0.040283203125,
-0.01534271240234375,
-0.04071044921875,
-0.09307861328125,
0.0606689453125,
-0.0301666259765625,
0.024505615234375,
0.032257080078125,
0.1373291015625,
-0.060821533203125,
0.03814697265625,
-0.12115478515625,
-0.043609619140625,
-0.1593017578125,
-0.0782470703125,
-0.06536865234375,
-0.061004638671875,
0.1016845703125,
0.08349609375,
-0.055206298828125,
0.0743408203125,
-0.0374755859375,
-0.1102294921875,
0.0670166015625,
0.061004638671875,
0.0166473388671875,
-0.038330078125,
0.081298828125,
0.046356201171875,
-0.164794921875,
0.0819091796875,
-0.01995849609375,
-0.01454925537109375,
-0.1446533203125,
-0.180419921875,
-0.1783447265625,
-0.15283203125,
0.047119140625,
0.11846923828125,
-0.053253173828125,
0.0214691162109375,
0.037933349609375,
-0.0072174072265625,
-0.053436279296875,
-0.045654296875,
-0.016021728515625,
-0.00745391845703125,
-0.038848876953125,
0.0198974609375,
0.020355224609375,
-0.0275421142578125,
0.0626220703125,
-0.12274169921875,
-0.01922607421875,
0.0278778076171875,
-0.1513671875,
-0.043548583984375,
0.062469482421875,
-0.0689697265625,
0.154296875,
-0.0217437744140625,
0.10198974609375,
-0.0208892822265625,
-0.049072265625,
-0.0994873046875,
-0.078857421875,
0.1287841796875,
0.051300048828125,
0.09613037109375,
-0.1356201171875,
0.176025390625,
-0.07464599609375,
0.05364990234375,
0.034576416015625,
0.11322021484375,
0.04962158203125,
-0.0024585723876953125,
0.0191802978515625,
0.0013475418090820312,
-0.1771240234375,
0.013946533203125,
0.1517333984375,
0.140869140625,
0.0220947265625,
-0.16015625,
-0.06878662109375,
-0.206787109375,
0.153076171875,
0.06414794921875,
0.099853515625,
-0.1728515625,
-0.0087127685546875,
-0.04595947265625,
-0.06622314453125,
0.09796142578125,
0.1373291015625,
0.025360107421875,
0.033538818359375,
0.09918212890625,
-0.1328125,
0.10455322265625,
0.018463134765625,
-0.08453369140625,
0.0209808349609375,
-0.04180908203125,
-0.2200927734375,
0.1749267578125,
-0.1064453125,
0.07489013671875,
0.09429931640625,
0.054168701171875,
-0.056854248046875,
0.074462890625,
0.035858154296875,
-0.0325927734375,
-0.1258544921875,
0.0733642578125,
0.1461181640625,
0.06976318359375,
0.061126708984375,
-0.174560546875,
0.01291656494140625,
-0.02978515625,
-0.1824951171875,
0.1009521484375,
-0.039215087890625,
-0.068359375,
0.08935546875,
-0.0975341796875,
-0.04156494140625,
-0.006748199462890625,
-0.0210418701171875,
0.1339111328125,
0.09197998046875,
0.038848876953125,
0.07232666015625,
-0.08233642578125,
-0.0160980224609375,
0.09588623046875,
0.047637939453125,
0.0002034902572631836,
-0.11322021484375,
-0.01297760009765625,
0.01166534423828125,
0.027984619140625,
-0.07720947265625,
0.028564453125,
0.09088134765625,
0.060272216796875,
0.072265625,
-0.152099609375,
-0.12139892578125,
0.015106201171875,
0.0103302001953125,
0.1077880859375,
0.09564208984375,
0.09716796875,
-0.06610107421875,
0.1103515625,
0.0504150390625,
0.027679443359375,
-0.048828125,
-0.1595458984375,
0.0034351348876953125,
-0.10498046875,
-0.06988525390625,
0.0186004638671875,
0.09588623046875,
0.07049560546875,
-0.06915283203125,
0.1717529296875,
0.031585693359375,
0.05419921875,
0.0088958740234375,
0.1260986328125,
-0.08203125,
0.1004638671875,
-0.08251953125,
-0.10516357421875,
-0.1907958984375,
-0.00705718994140625,
-0.034881591796875,
0.01605224609375,
-0.08258056640625,
-0.049560546875,
-0.1690673828125,
0.143798828125,
-0.088623046875,
-0.04193115234375,
-0.09356689453125,
0.01007843017578125,
0.06231689453125,
-0.072265625,
0.09112548828125,
-0.08624267578125,
-0.002254486083984375,
-0.062744140625,
-0.07794189453125,
-0.0271759033203125,
0.12396240234375,
0.03057861328125,
-0.1717529296875,
0.1236572265625,
0.0640869140625,
0.0202789306640625,
0.08709716796875,
0.0025119781494140625,
-0.0141754150390625,
-0.0692138671875,
-0.098388671875,
-0.07025146484375,
0.04443359375,
-0.0219879150390625,
-0.06915283203125,
-0.16259765625,
-0.1656494140625,
-0.22021484375,
0.04254150390625,
0.0274810791015625,
-0.123291015625,
0.054718017578125,
0.1051025390625,
0.07159423828125,
0.0888671875,
0.016510009765625,
0.047210693359375,
0.06365966796875,
-0.002685546875,
-0.01800537109375,
0.03741455078125,
0.08758544921875,
-0.04925537109375,
-0.12030029296875,
0.1539306640625,
-0.037872314453125,
-0.01488494873046875,
0.05706787109375,
0.100341796875,
0.130859375,
-0.07794189453125,
0.08660888671875,
-0.023590087890625,
-0.035491943359375,
0.05474853515625,
0.1661376953125,
0.1932373046875,
0.050445556640625,
0.177490234375,
-0.0665283203125,
0.045501708984375,
-0.041290283203125,
0.0318603515625,
0.14892578125,
0.0992431640625,
0.0262603759765625,
0.059600830078125,
-0.06011962890625,
0.0288543701171875,
-0.1104736328125,
-0.1580810546875,
-0.08697509765625,
0.09564208984375,
0.06854248046875,
-0.06292724609375,
-0.0718994140625,
0.12371826171875,
0.006336212158203125,
-0.25048828125,
0.097412109375,
-0.2127685546875,
0.01708984375,
0.1348876953125,
0.05010986328125,
0.16650390625,
-0.057281494140625,
-0.1260986328125,
-0.02630615234375,
-0.1075439453125,
-0.0455322265625,
0.0758056640625,
-0.0152130126953125,
0.025543212890625,
0.144775390625,
-0.044769287109375,
-0.09930419921875,
0.0189056396484375,
0.038543701171875,
-0.0748291015625,
-0.0421142578125,
-0.095947265625,
-0.25439453125,
-0.1297607421875,
-0.10882568359375,
0.034576416015625,
0.0093994140625,
0.0703125,
-0.1500244140625,
0.0148773193359375,
0.01751708984375,
-0.019317626953125,
0.042205810546875,
0.04833984375,
0.06060791015625,
-0.1832275390625,
0.14404296875,
-0.10107421875,
0.044158935546875,
0.0367431640625,
-0.033477783203125,
0.1302490234375,
0.10052490234375,
0.0855712890625,
-0.008544921875,
0.055572509765625,
-0.10272216796875,
0.1025390625,
0.029205322265625,
0.0765380859375,
-0.15185546875,
0.1949462890625,
-0.0528564453125,
-0.12200927734375,
-0.11932373046875,
0.08294677734375,
-0.06658935546875,
-0.0850830078125,
-0.088134765625,
-0.095947265625,
0.158935546875,
-0.03546142578125,
-0.12286376953125,
-0.072509765625,
-0.03546142578125,
0.09844970703125,
-0.005191802978515625,
-0.1058349609375,
0.09454345703125,
-0.09454345703125,
-0.0222625732421875,
-0.11529541015625,
-0.1927490234375,
0.041015625,
0.038818359375,
0.040802001953125,
-0.00027632713317871094,
0.00698089599609375,
-0.021087646484375,
0.027984619140625,
0.135986328125,
-0.0265350341796875,
-0.031951904296875,
-0.06976318359375,
-0.035736083984375,
0.058624267578125,
0.044342041015625,
-0.1251220703125,
-0.045166015625,
0.2159423828125,
0.056976318359375,
0.0114288330078125,
0.04534912109375,
-0.043426513671875,
-0.01702880859375,
0.12890625,
-0.045928955078125,
0.0144500732421875,
-0.0207977294921875,
-0.15185546875,
-0.09979248046875,
0.1705322265625,
-0.10693359375,
0.02099609375,
0.1766357421875,
-0.0051727294921875,
0.0180511474609375,
-0.0029277801513671875,
-0.21435546875,
-0.10211181640625,
0.048919677734375,
0.0908203125,
-0.07647705078125,
0.0875244140625,
-0.162353515625,
-0.0291900634765625,
0.07550048828125,
0.093505859375,
-0.1082763671875,
0.0167388916015625,
-0.1419677734375,
0.10797119140625,
-0.044158935546875,
0.1302490234375,
-0.058380126953125,
-0.039703369140625,
-0.06329345703125,
-0.1942138671875,
0.00041985511779785156,
0.03826904296875,
0.01555633544921875,
0.01032257080078125,
-0.11492919921875,
0.039154052734375,
0.1422119140625,
0.045166015625,
0.1055908203125,
0.1024169921875,
0.1617431640625,
-0.052520751953125,
-0.1446533203125,
-0.0211029052734375,
-0.1630859375,
0.024200439453125,
-0.050689697265625,
0.06915283203125,
-0.1351318359375,
0.174072265625,
0.06524658203125,
-0.0166015625,
-0.0943603515625,
0.017547607421875,
0.0029754638671875,
-0.0210418701171875,
0.135498046875,
0.0986328125,
0.08099365234375,
-0.033660888671875,
0.037506103515625,
0.08770751953125,
-0.01354217529296875,
-0.08355712890625,
0.10009765625,
-0.140869140625,
-0.166748046875,
-0.026611328125,
0.08282470703125,
-0.10308837890625,
-0.0166778564453125,
0.1192626953125,
-0.0855712890625,
0.1416015625,
0.0595703125,
-0.05364990234375,
-0.171875,
-0.02581787109375,
0.02532958984375,
0.10894775390625,
-0.108154296875,
0.143798828125,
0.0031261444091796875,
-0.0247039794921875,
-0.0992431640625,
0.04620361328125,
-0.053619384765625,
-0.1287841796875,
0.14599609375,
0.02911376953125,
0.052032470703125,
-0.1065673828125,
-0.01374053955078125,
0.1556396484375,
0.079345703125,
-0.03192138671875,
0.0869140625,
-0.035369873046875,
-0.1494140625,
0.1427001953125,
0.1893310546875,
-0.110107421875,
-0.042755126953125,
-0.18603515625,
-0.0304107666015625,
-0.133056640625,
-0.026611328125,
0.02081298828125,
0.0771484375,
0.1768798828125,
0.02484130859375,
0.14990234375,
-0.06097412109375,
-0.052154541015625,
0.10711669921875,
0.10137939453125,
-0.10650634765625,
-0.07122802734375,
-0.1378173828125,
-0.245849609375,
-0.1483154296875,
-0.0853271484375,
0.0276641845703125,
0.042999267578125,
0.058868408203125,
0.04144287109375,
0.050048828125,
-0.0200347900390625,
-0.076904296875,
0.011383056640625,
0.05792236328125,
0.08148193359375,
-0.017822265625,
-0.051727294921875,
0.07989501953125,
-0.0958251953125,
0.13623046875,
0.07659912109375,
-0.1441650390625,
-0.050079345703125,
0.08544921875,
-0.038726806640625,
0.10662841796875,
-0.1019287109375,
-0.0220489501953125,
0.005828857421875,
-0.11328125,
0.0036792755126953125,
0.01525115966796875,
0.09881591796875,
-0.100341796875,
-0.02362060546875,
0.06524658203125,
0.1005859375,
-0.048095703125,
-0.07330322265625,
-0.130126953125,
-0.0738525390625,
-0.0303192138671875,
-0.30419921875,
-0.0439453125,
0.0196075439453125,
0.006618499755859375,
-0.059478759765625,
0.03912353515625,
-0.00783538818359375,
0.08160400390625,
0.07806396484375,
-0.2237548828125,
0.0157318115234375,
0.066650390625,
-0.0823974609375,
-0.087646484375,
-0.055572509765625,
-0.11102294921875,
0.082763671875,
-0.01373291015625,
-0.135986328125,
0.03533935546875,
-0.049041748046875,
0.06256103515625,
-0.0201873779296875,
0.11334228515625,
-0.1651611328125,
0.06695556640625,
-0.016143798828125,
-0.12646484375,
0.00353240966796875,
-0.031097412109375,
-0.018157958984375,
0.06378173828125,
-0.10137939453125,
-0.10760498046875,
-0.23828125,
-0.043426513671875,
-0.01097869873046875,
0.025360107421875,
0.034088134765625,
0.09735107421875,
-0.0139923095703125,
0.0164794921875,
-0.052825927734375,
0.12152099609375,
-0.10400390625,
0.1370849609375,
0.07421875,
-0.045745849609375,
0.0670166015625,
-0.068603515625,
-0.04632568359375,
0.1483154296875,
0.054168701171875,
-0.05792236328125,
0.039276123046875,
0.0914306640625,
0.08599853515625,
0.0224609375,
-0.1240234375,
0.0699462890625,
0.1510009765625,
-0.0819091796875,
0.105224609375,
0.04449462890625,
0.10107421875,
0.0579833984375,
0.02056884765625,
0.139892578125,
0.05157470703125,
0.09344482421875,
0.12353515625,
-0.0467529296875,
-0.045196533203125,
-0.10931396484375,
0.023529052734375,
-0.162353515625,
0.234130859375,
0.04345703125,
0.07965087890625
