-0.0112457275390625,
0.08270263671875,
0.0309600830078125,
-0.06390380859375,
-0.054168701171875,
0.07745361328125,
-0.0679931640625,
0.0406494140625,
-0.06304931640625,
-0.08538818359375,
-0.066162109375,
-0.007720947265625,
-0.08856201171875,
-0.06353759765625,
0.06451416015625,
-0.004016876220703125,
-0.056060791015625,
-0.053680419921875,
-0.002468109130859375,
-0.0859375,
-0.044677734375,
-0.06329345703125,
0.037750244140625,
-0.043365478515625,
0.06005859375,
0.0206756591796875,
0.0762939453125,
0.01556396484375,
0.0894775390625,
0.0484619140625,
-0.07110595703125,
0.09228515625,
0.01421356201171875,
-0.0275421142578125,
-0.07830810546875,
0.08905029296875,
0.052032470703125,
-0.0102996826171875,
-0.01384735107421875,
0.074462890625,
-0.05609130859375,
-0.06591796875,
-0.04547119140625,
-0.044036865234375,
-0.0291748046875,
0.0313720703125,
0.042572021484375,
-0.05718994140625,
-0.09002685546875,
-0.01419830322265625,
-0.0033016204833984375,
0.03179931640625,
-0.031097412109375,
-0.0452880859375,
-0.0083160400390625,
-0.065673828125,
0.09161376953125,
-0.08551025390625,
-0.0916748046875,
-0.0487060546875,
-0.01494598388671875,
-0.038970947265625,
0.09979248046875,
0.089599609375,
-0.0246124267578125,
0.0777587890625,
0.0989990234375,
-0.0297088623046875,
0.058349609375,
0.004695892333984375,
-0.03436279296875,
-0.078369140625,
0.09423828125,
-0.04791259765625,
0.049041748046875,
0.06524658203125,
-0.052459716796875,
0.045440673828125,
0.07781982421875,
-0.04693603515625,
0.076416015625,
0.10009765625,
-0.01548004150390625,
-0.1026611328125
