-0.09842708706855774,
-0.28095123171806335,
-0.1633603572845459,
-0.2509584128856659,
0.07508799433708191,
0.09004916250705719,
0.0076713403686881065,
-0.16955864429473877,
0.0030790725722908974,
-0.2804877460002899,
-0.0020619239658117294,
0.20315507054328918,
-0.10328859835863113,
-0.03855487331748009,
-0.06556928157806396,
0.22573338449001312,
0.18808242678642273,
0.28667768836021423,
-0.09893456846475601,
0.08631300181150436,
0.03121851570904255,
-0.06568575650453568,
0.18187177181243896,
0.287400484085083,
0.06579236686229706,
0.1456967294216156,
-0.01691802777349949,
-0.08947447687387466,
-0.05280252546072006,
0.14174087345600128,
-0.07916862517595291,
0.13317173719406128,
0.26457127928733826,
0.301550030708313,
0.2656210660934448,
0.2764049768447876,
0.28473329544067383,
0.039428118616342545,
0.2870410978794098,
0.27826499938964844,
-0.08356495201587677,
-0.10689404606819153,
-0.08424586802721024,
-0.09685999155044556,
-0.0017905738204717636,
-0.2318001538515091,
-0.0405522845685482,
-0.126875638961792,
-0.13676941394805908,
0.07704343646764755,
0.15788841247558594,
0.05340144410729408,
0.2134290635585785,
0.16274622082710266,
-0.09996780008077621,
0.16060316562652588,
0.23148168623447418,
0.06749539822340012,
0.0965133085846901,
-0.0025670418981462717,
0.17447829246520996,
-0.053847234696149826,
0.1640384942293167,
0.03313514217734337,
0.26450419425964355,
-0.11032044142484665,
-0.078934445977211,
0.182478666305542,
0.08597556501626968,
0.13293801248073578,
-0.06056951358914375,
-0.18450894951820374,
-0.19580647349357605,
0.16748571395874023,
0.04802979901432991,
0.2360469102859497,
0.14005932211875916,
0.09330476820468903,
0.2652069926261902,
0.014258090406656265,
-0.10129225254058838,
-0.09479828923940659,
0.2612476646900177,
0.24556894600391388,
0.14755940437316895,
0.22575238347053528,
0.2574601173400879,
-0.09055788815021515,
-0.06546621769666672,
-0.011617844924330711,
-0.07747664302587509,
-0.19668370485305786,
0.018185069784522057,
-0.12849105894565582,
-0.10302741080522537,
-0.23832881450653076,
-0.18418936431407928,
-0.18326321244239807,
-0.15012013912200928,
0.0224104356020689,
0.23169450461864471,
0.2473476678133011,
0.03192228078842163,
0.005981313064694405,
-0.2338857799768448,
0.06509623676538467,
0.28202345967292786,
0.03546643629670143,
0.07400746643543243,
0.0012663571396842599,
0.2529706656932831,
-0.014052308164536953,
-0.14624540507793427,
-0.10827374458312988,
-0.2843271493911743,
0.014138387516140938,
0.1676163226366043,
0.023861126974225044,
-0.11244457215070724,
-0.20961113274097443,
0.2017560452222824,
-0.03418854624032974,
-0.0038431528955698013,
-0.2638460099697113,
-0.1008346751332283,
-0.08371470868587494,
0.0363832525908947,
-0.06045056879520416,
-0.08889076858758926,
0.10344314575195312,
0.26102080941200256,
0.03140869736671448,
0.04677855223417282,
0.2660473883152008,
-0.10573484748601913,
0.24038732051849365,
0.2016352117061615,
0.14172857999801636,
0.1064949780702591,
0.1514066606760025,
0.1694387048482895,
0.3179651200771332,
0.31735143065452576,
0.05658625066280365,
0.10871966928243637,
-0.005940919276326895,
-0.016148166730999947,
0.06629747152328491,
0.06901799887418747,
-0.10258078575134277
