0.05966373533010483,
-0.07026023417711258,
-0.16775688529014587,
-0.08809690922498703,
-0.10356711596250534,
0.025895297527313232,
0.0016189937014132738,
-0.0876515582203865,
-0.0916852056980133,
-0.07297630608081818,
0.03754783421754837,
0.09609413892030716,
0.09736323356628418,
0.0917128324508667,
0.0779297947883606,
0.014622502028942108,
-0.008778396062552929,
0.032519448548555374,
-0.020228346809744835,
0.09033071249723434,
-0.050590891391038895,
-0.04351740702986717,
-0.04638401046395302,
3.062036557821557e-05,
-0.07428542524576187,
-0.11218099296092987,
0.046598151326179504,
-0.01242901012301445,
-0.04814283922314644,
-0.07101595401763916,
-0.07061336189508438,
-0.054703496396541595,
0.06982274353504181,
-0.10227549821138382,
-0.10136830061674118,
0.07690048962831497,
0.005028244107961655,
-0.018332891166210175,
-0.06428302824497223,
-0.0635254979133606,
-0.020061587914824486,
0.09119318425655365,
0.1038968414068222,
0.03728809207677841,
0.12995487451553345,
-0.010050143115222454,
0.001335282577201724,
0.03552738577127457,
0.08521706610918045,
0.09229917079210281,
-0.0729256421327591,
-0.05443797633051872,
-0.03924015909433365,
0.06911709904670715,
-0.07082296907901764,
-0.052521392703056335,
0.0319371335208416,
-0.05433326214551926,
0.057454753667116165,
-0.0335434190928936,
0.07377735525369644,
0.09944500029087067,
0.06124172359704971,
-0.028016408905386925,
0.05349486321210861,
0.10546641051769257,
-0.03237015753984451,
-0.01971280574798584,
-0.017536353319883347,
0.07844879478216171,
0.07627788931131363,
0.059006571769714355,
0.08756556361913681,
0.0183180533349514,
-0.021636759862303734,
-0.014157230034470558,
-0.044400520622730255,
-0.1269521713256836,
-0.10222172737121582,
0.023690521717071533,
-0.0859828069806099,
-0.14858344197273254,
-0.008439308032393456,
-0.025785619392991066,
-0.05117266625165939,
-0.045636337250471115,
0.021724816411733627,
-0.02661096304655075,
-0.10838527232408524,
-0.11640699207782745,
0.021152351051568985,
-0.028026137501001358,
0.017342425882816315,
0.06968233734369278,
-0.0120740020647645,
0.06606889516115189,
-0.025337522849440575,
0.055704910308122635,
0.019226495176553726,
0.022480618208646774,
0.09403526037931442,
0.15271157026290894,
0.04028678312897682,
0.0750773549079895,
0.11478950828313828,
0.11844001710414886,
0.066184401512146,
0.07111131399869919,
0.02943859063088894,
0.1081806942820549,
-0.05022463575005531,
-0.05215379223227501,
-0.03369446098804474,
-0.046295639127492905,
0.04677215591073036,
-0.0885612815618515,
-0.0008914151694625616,
-0.0729467123746872,
0.04818351939320564,
-0.05412980541586876,
-0.008116531185805798,
-0.006653330288827419,
0.08673760294914246,
0.1132282167673111,
-0.036499302834272385,
0.08027321100234985,
-0.08405712991952896,
-0.059298258274793625,
0.024482078850269318,
0.014290407299995422,
-0.05552714690566063,
-0.08248533308506012,
0.0037735598161816597,
0.02749664895236492,
0.028189582750201225,
0.011804137378931046,
-0.04555786773562431,
0.03051057830452919,
0.02118074893951416,
0.057737965136766434,
0.06380854547023773,
0.11300361901521683,
0.005440604407340288,
0.04818715155124664,
0.017467470839619637,
-0.03248205780982971,
0.07117810100317001,
-0.02811301313340664,
0.0710236057639122,
0.1236434280872345,
0.13530117273330688,
0.04088621214032173,
0.04920029267668724,
0.020490793511271477,
0.0466742180287838,
0.10035031288862228,
0.1050010398030281,
0.07668904215097427,
0.036852166056632996,
0.0062309810891747475,
-0.04425089806318283,
0.003824698505923152,
0.03882778808474541,
0.05120203271508217,
-0.004885853733867407,
0.14761801064014435,
0.22465866804122925,
0.05732627958059311,
-0.028880644589662552,
-0.10728590190410614,
0.26201844215393066,
0.16064834594726562,
0.17871695756912231,
0.08664398640394211,
-0.005448000505566597,
0.06867429614067078,
-0.020630579441785812,
-0.059030842036008835,
0.054117411375045776,
0.04437199607491493,
0.0932946503162384,
0.14911431074142456,
0.1020146831870079,
0.05156023055315018,
0.12158400565385818,
0.0865626409649849,
0.1614246666431427,
0.06059586629271507,
0.06866119056940079,
0.09162308275699615,
-0.06811020523309708,
-0.11562495678663254,
0.007621629163622856,
-0.10523916780948639,
-0.00540640763938427,
-0.07784430682659149,
-0.1451379954814911,
-0.10906075686216354,
-0.12708595395088196,
-0.10022039711475372,
0.11058714985847473,
0.08904947340488434,
-0.07285399734973907,
0.03412757068872452,
-0.09250632673501968,
0.005884671118110418,
0.14652977883815765,
0.017324646934866905,
-0.040759216994047165,
0.02445688471198082,
-0.025105049833655357,
0.06552692502737045,
0.056349173188209534,
0.12337072938680649,
0.02067859098315239,
-0.04480269178748131,
0.005893868859857321,
0.04606400802731514,
-0.010719810612499714,
-0.008136688731610775,
-0.13914915919303894,
-0.14867715537548065,
-0.09938930720090866,
-0.020882291719317436,
-0.07149578630924225,
0.05541890487074852,
0.005083512049168348,
-0.12165561318397522,
-0.10030891746282578,
-0.05446454510092735,
0.12422817200422287,
0.09443579614162445,
0.06503914296627045,
0.06404629349708557,
0.007041150704026222,
0.09182259440422058,
0.16382808983325958,
0.2181442528963089,
0.12343711405992508,
0.12285946309566498,
0.14136718213558197,
0.07507066428661346,
0.06498803943395615,
0.06677249819040298,
0.09357408434152603,
0.008445985615253448,
-0.10302214324474335,
-0.1001991257071495,
-0.16163679957389832,
-0.07179643213748932,
0.0019044216023758054,
-0.08334770798683167,
-0.1192140206694603,
-0.10699617862701416,
-0.0301823690533638,
-0.11059077084064484,
-0.013427098281681538,
-0.039448127150535583,
-0.09145685285329819,
-0.04407057911157608,
-0.048818908631801605,
-0.017126666381955147,
0.06883630156517029,
0.07788223773241043,
-0.035390883684158325,
-0.05824526399374008,
-0.09208185225725174,
-0.10473892092704773,
-0.0836951732635498,
0.015015405602753162,
-0.08417124301195145,
-0.0840078592300415,
-0.1088266521692276,
-0.0693494901061058,
-0.0008981659193523228,
0.0076883998699486256,
0.065761037170887,
0.00933923851698637,
-0.06549235433340073,
0.01649053767323494,
0.08319385349750519,
0.04660174995660782,
0.07755947858095169,
0.04712650552392006,
0.11144120991230011,
0.05185593664646149,
-0.06602631509304047,
-0.010576297529041767,
-0.017943542450666428,
-0.014188795350492,
-0.1584293097257614,
-0.18082356452941895,
-0.10712072253227234,
-0.10520602017641068,
0.019453497603535652,
-0.06711028516292572,
0.027095450088381767,
-0.09330301731824875,
0.05352158844470978,
0.046595677733421326,
0.1347190886735916,
0.061225078999996185,
-0.10946895182132721,
-0.042157240211963654,
-0.049040790647268295,
-0.022242074832320213,
0.013499283231794834,
0.018469421193003654,
-0.0829760879278183,
0.0030409125611186028,
0.012239698320627213,
0.03123476728796959,
0.08059235662221909,
0.04674061760306358,
0.006380051840096712,
-0.008523255586624146,
0.1352071762084961,
0.03366345167160034,
0.08242624998092651,
0.04411986470222473,
-0.03426491841673851,
0.08360869437456131,
0.10763399302959442,
0.2157600373029709,
0.09077534079551697,
0.05489962175488472,
-0.12042974680662155,
0.03431542217731476,
0.06847834587097168,
0.09644713997840881,
-0.003664854448288679,
0.056869059801101685,
0.03169141709804535,
0.024026572704315186,
0.11236417293548584,
0.10753923654556274,
-0.012398411519825459,
-0.07337375730276108,
0.02404286339879036,
-0.02071833796799183,
0.11620931327342987,
0.06599164754152298,
-0.004631261806935072,
0.06774608045816422,
-0.016112979501485825,
0.055384308099746704,
0.10811915248632431,
0.02776068076491356,
-0.04746735468506813,
-0.02566518262028694,
-0.037933964282274246,
-0.07509560883045197,
-0.05782625824213028,
-0.03664284944534302,
0.09792795032262802,
0.005876092240214348,
0.06235877797007561,
0.023243281990289688,
0.0199099313467741,
-0.055781491100788116,
-0.01329497154802084,
0.06916626542806625,
-0.046922262758016586,
0.02963482402265072,
-0.011528090573847294,
0.020746281370520592,
0.1078469455242157,
0.014966200105845928,
0.004793426021933556,
-0.01988309621810913,
-0.05961351469159126,
0.03401683270931244,
-0.03241128847002983,
0.040877699851989746,
-0.07712095230817795,
0.04222024604678154,
-0.08781566470861435,
-0.007821615785360336,
0.03277255594730377,
-0.016112156212329865,
0.028818046674132347,
-0.05590704828500748,
0.03499062359333038,
-0.009891674853861332,
0.08799246698617935,
0.002813445869833231,
0.00737400259822607,
-0.009339788928627968,
0.03224417567253113,
0.004938701633363962,
0.08164574950933456,
0.02784525603055954,
-0.0096560874953866,
0.054763175547122955,
0.08673370629549026,
0.037188660353422165,
0.1222606748342514,
0.037478432059288025,
0.025759277865290642,
-0.056961722671985626,
0.005491399671882391,
0.007690281607210636,
-0.004140057601034641,
-0.1381797045469284,
-0.06579198688268661,
0.03813846781849861,
-0.07484320551156998,
-0.05971185863018036,
0.03146006911993027,
-0.057297252118587494,
-0.09128400683403015,
-0.04341955855488777,
0.006977926939725876,
-0.09384525567293167,
0.017701882869005203,
0.022771229967474937,
0.03064129501581192,
0.024108245968818665,
-0.02346029132604599,
-0.044436756521463394,
0.041378311812877655,
-0.10095658898353577,
0.018464205786585808,
-0.022655872628092766,
-0.05717886611819267,
0.03822972998023033,
0.01928233541548252,
-0.10218039900064468,
-0.0175657756626606,
0.10290110111236572,
0.0039650811813771725,
0.023573296144604683,
-0.005077124573290348,
-0.06914162635803223,
0.016291052103042603,
0.10571412742137909,
0.04419321566820145,
-0.0013888819376006722,
0.048592496663331985,
0.021084507927298546,
-0.04437689483165741,
-0.0017211067024618387,
0.09389153867959976,
0.006187449209392071,
-0.039218783378601074,
-0.05824887007474899,
-0.08206278830766678,
0.031511373817920685,
0.07372725009918213,
-0.0452769510447979,
-0.01138005219399929,
-0.10390714555978775,
-0.02246411144733429,
-0.034555550664663315,
-0.040959980338811874,
0.013202806003391743,
0.06747984141111374,
0.08670459687709808,
0.0626319870352745,
0.09740675985813141,
-0.022805720567703247,
-0.0021832326892763376,
0.0019893464632332325,
0.16145175695419312,
0.12987542152404785,
0.08256961405277252,
-0.0534406416118145,
-0.044630128890275955,
0.07560983300209045,
0.14875921607017517,
0.060004014521837234,
0.16421356797218323,
0.026888689026236534,
-0.04737275466322899,
-0.06711777299642563,
0.009706233628094196,
0.04002848640084267,
-0.08142464607954025,
0.029089264571666718,
0.003995419014245272,
-0.05328306928277016,
0.006101245526224375,
0.1260073035955429,
0.10231317579746246,
-0.04362468793988228,
0.0012201652862131596,
0.13945232331752777,
0.1129746362566948,
0.12283479422330856,
0.07993103563785553,
0.07629257440567017,
-0.04233253002166748,
0.02543061226606369,
0.01776261068880558,
0.1438279002904892,
0.026579149067401886,
-0.11732351034879684,
-0.0577852837741375,
0.03735799342393875,
-0.005399379413574934,
0.09523122757673264,
0.10627317428588867,
-0.0028188161086291075,
-0.027241230010986328,
-0.05678902938961983,
-0.034283410757780075,
-0.007328932639211416,
0.11075500398874283,
0.08117727935314178,
-0.026328127831220627,
-0.005694477818906307,
0.07915195822715759,
0.10290802270174026,
0.0660359188914299,
0.07509342581033707,
0.014272834174335003,
0.01315772533416748,
-0.01600871980190277,
0.11522065848112106,
0.031567201018333435,
0.04559113457798958,
-0.09035399556159973,
-0.056718673557043076,
-0.11787991970777512,
-0.00191152049228549,
-0.0032593263313174248,
0.04634708911180496,
-0.013957479037344456,
-0.14093154668807983,
-0.03149648755788803,
-0.04949875548481941,
-0.047264352440834045,
0.07591301947832108,
0.04052412882447243,
-0.08514053374528885,
-0.024841776117682457,
0.03918728232383728,
0.12248404324054718,
0.1605929732322693,
0.06782497465610504,
0.10767461359500885,
0.01155578251928091,
0.18140973150730133,
0.06585077196359634,
0.08267536759376526,
0.07659094035625458,
-0.023309338837862015,
0.025861216709017754,
0.06099803373217583,
-0.019124381244182587,
-0.08719052374362946,
0.011637371964752674,
-0.021956730633974075,
0.018142780289053917,
-0.013043617829680443,
-0.04489272087812424,
-0.05329626426100731,
-0.06713544577360153,
-0.09996839612722397,
-0.05211804807186127,
0.024388812482357025,
0.028196770697832108,
-0.07741719484329224,
-0.11005856096744537,
-0.09730935096740723,
0.014808302745223045,
0.07023493945598602,
-0.08946063369512558,
-0.06347271054983139,
-0.12172513455152512,
-0.08882836997509003,
-0.020853368565440178,
-0.12024043500423431,
-0.022535931318998337,
-0.043354421854019165,
-0.03627210482954979,
-0.015600208193063736,
0.011048863641917706,
-0.04214518889784813,
0.06513527780771255,
0.012419154867529869,
0.020988278090953827,
0.08058704435825348,
0.05791889503598213,
0.07303144037723541,
0.08964609354734421,
-0.005564706400036812,
0.0806415006518364,
-0.0026864241808652878,
0.10348368436098099,
-0.07044264674186707,
-0.05503606051206589,
-0.10256658494472504,
-0.1324516087770462,
0.0848718136548996,
-0.015118151903152466,
-0.08651449531316757,
-0.03718089684844017,
-0.12761031091213226,
0.022954061627388,
0.0751638412475586,
0.0980018898844719,
0.12598486244678497,
-0.012651647441089153,
-0.04551471769809723,
0.07588603347539902,
0.06323783844709396,
-0.013368470594286919,
-0.02321694791316986,
-0.04409821704030037,
0.26536825299263,
0.1927289068698883,
0.23489917814731598,
0.05059828609228134,
0.10736706107854843,
0.19892293214797974,
0.26578834652900696,
0.07518460601568222,
0.04774799197912216,
0.022526871412992477,
0.18501557409763336,
0.06691177934408188,
0.02442590519785881,
-0.09347373247146606,
-0.0592619888484478,
-0.032471220940351486,
0.08615448325872421,
-0.018825078383088112,
0.09565112739801407,
-0.009500495158135891,
0.07955719530582428,
-0.010648922994732857,
-0.05214106664061546,
-0.011829552240669727,
-0.10471197217702866,
-0.06079515814781189,
-0.1328691989183426,
-0.16599729657173157,
-0.003611387452110648,
0.08709299564361572,
0.04318024963140488,
0.11369534581899643,
0.0437299907207489,
0.14273405075073242,
0.10241028666496277,
0.06202147528529167,
0.1786002814769745,
0.011713169515132904,
0.002997502451762557,
0.06837738305330276,
-0.07961048185825348,
0.029314417392015457,
-0.07974832504987717,
0.09665979444980621,
0.010766596533358097,
-0.013097804971039295,
-0.02379290573298931,
0.046756811439991,
-0.07008393108844757,
-0.10772981494665146,
-0.02122560515999794,
-0.10537959635257721,
-0.11396791785955429,
0.024342617020010948,
-0.06324268132448196,
0.10476373881101608,
0.10822848230600357,
0.03178898245096207,
-0.03609458729624748,
0.11019109189510345,
0.14431847631931305,
0.16447658836841583,
0.12463019043207169,
0.03550400212407112,
0.07962635904550552,
0.065127432346344,
0.017170725390315056,
0.1748286783695221,
0.11914221942424774,
-0.04900186136364937,
0.0886613056063652,
0.17839327454566956,
0.11464609205722809,
-0.04467061907052994,
-0.0028095245361328125,
0.042117342352867126,
-0.010270407423377037,
-0.15900151431560516,
-0.15398161113262177,
-0.06459952145814896,
0.03026341274380684,
-0.04907246679067612,
-0.008611416444182396,
0.035974420607089996,
0.02193843200802803,
0.1091146320104599,
0.12398826330900192,
0.16194289922714233,
0.06474518775939941,
0.025072136893868446,
-0.12740591168403625,
-0.04890941455960274,
0.04777507483959198,
0.019361477345228195,
-0.07854534685611725,
-0.07484264671802521,
-0.06431252509355545,
0.009317338466644287,
-0.16715072095394135,
-0.08329484611749649,
-0.057959672063589096,
-0.18525466322898865,
-0.19135189056396484,
-0.15145738422870636,
-0.019941747188568115,
-0.11302559822797775,
-0.18529529869556427,
-0.11165010184049606,
0.025535717606544495,
0.10719636082649231,
-0.05594700574874878,
0.11233612149953842,
0.08966600149869919,
0.06565839052200317,
-0.0013229923788458109,
0.07479026913642883,
-0.02577822282910347,
0.023217616602778435,
0.025171494111418724,
-0.030371936038136482,
-0.07361453026533127,
-0.0882253497838974,
-0.1442147046327591,
-0.19125887751579285,
-0.08976608514785767,
0.049062129110097885,
-0.07882407307624817,
-0.026985231786966324,
0.06983122229576111,
0.0274216216057539,
0.1766403615474701,
0.10097046941518784,
0.03801972419023514,
0.12871305644512177,
0.04795282706618309,
0.17358796298503876,
0.09030666947364807,
0.1298791915178299,
0.09953497350215912,
0.04233822971582413,
-0.11397859454154968,
0.043492719531059265,
0.10923846811056137,
-0.02200494520366192,
-0.11955232918262482,
-0.021251101046800613,
-0.037062667310237885,
0.020306052640080452,
0.12101983278989792,
0.10602745413780212,
0.07470324635505676,
0.025187531486153603,
0.0058182841166853905,
0.13206340372562408,
0.10552794486284256,
0.008659962564706802,
-0.12713760137557983,
-0.16984057426452637,
0.004047962371259928,
-0.011296641081571579,
0.027277467772364616,
-0.08169163763523102,
-0.14982423186302185,
-0.05612890422344208,
-0.03291511535644531,
0.07568738609552383,
0.011755620129406452,
-0.025580329820513725,
0.05609074607491493,
-0.07635927200317383,
0.07486002892255783,
0.015075290575623512,
0.031061973422765732,
-0.011152212508022785,
-0.07903516292572021,
-0.05334305390715599,
0.09316162019968033,
0.12416702508926392,
0.14574864506721497,
0.1355673372745514,
0.010157854296267033,
-0.06429342180490494,
0.03459036350250244,
0.02303452603518963,
0.042025160044431686,
0.03213980048894882,
-0.06494510918855667,
-0.012332594022154808,
0.015054638497531414,
0.12921027839183807,
0.006373587530106306,
0.07025378197431564,
-0.03728029131889343,
0.05854828283190727,
-0.00915149413049221,
-0.006249082274734974,
-0.016434745863080025,
0.08041645586490631,
-0.03903307020664215,
0.0033380750101059675,
0.04066923260688782,
0.04784655570983887,
0.001295636291615665,
0.0873643010854721,
0.00997209269553423,
-0.10952886193990707,
0.0107423672452569,
-0.03630196675658226,
0.08408358693122864,
0.06907715648412704,
-0.11474769562482834,
-0.12804092466831207,
-0.0627082884311676,
-0.02935078926384449,
-0.003288304666057229,
0.038941025733947754,
-0.05913477763533592,
-0.08058752119541168,
-0.11178608983755112,
0.026286883279681206,
0.09417128562927246,
0.09298045188188553,
-0.031906578689813614,
-0.02312997728586197,
0.04869117960333824,
0.005196209065616131,
0.07354182004928589,
0.031099705025553703,
0.015737446025013924,
0.07654833793640137,
0.0643790140748024,
-0.003990329802036285,
0.1461029350757599,
0.09034860134124756,
0.015839505940675735,
-0.043751731514930725,
0.009762827306985855,
-0.030810492113232613,
0.015585462562739849,
0.0672031044960022,
-0.05973418429493904,
-0.08992600440979004,
0.10424383729696274,
0.004255024250596762,
0.11275700479745865,
0.011331653222441673,
-0.06719167530536652,
-0.011125764809548855,
0.057966429740190506,
0.0563972182571888,
-0.06677208840847015,
-0.15741340816020966,
-0.06942924857139587,
0.045882925391197205,
-0.04294998198747635,
-0.10459654033184052,
-0.07835010439157486,
-0.07110574841499329,
0.032783813774585724,
-0.07675272226333618,
-0.033681511878967285,
0.0028329994529485703,
0.008773726411163807,
-0.05663399025797844,
-0.005637394264340401,
0.06967069953680038,
0.1068558543920517,
-0.01848035305738449,
0.0475248247385025,
-0.02025061845779419,
0.05262267217040062,
-0.011962943710386753,
-0.05234577879309654,
-0.005388212855905294,
0.09111034870147705,
0.0131979463621974,
-0.0013054459122940898,
-0.03537071496248245,
0.03955763205885887,
0.04658541828393936,
-0.12092456966638565,
0.004538941662758589,
-0.08108730614185333,
-0.06860286742448807,
0.10513895004987717,
0.06656747311353683,
-0.14144957065582275,
-0.14915907382965088,
-0.023657774552702904,
0.09948887676000595,
-0.08290042728185654,
0.04123639315366745,
-0.08312729001045227,
0.006871609948575497,
0.013157069683074951,
0.029576793313026428,
-0.05193178728222847,
-0.019628381356596947,
-0.027290955185890198,
-0.20793986320495605,
-0.07930848747491837,
-0.10640192031860352,
-0.10575499385595322,
-0.09203752875328064,
-0.23044702410697937,
0.04199535772204399,
-0.08046227693557739,
-0.16483333706855774,
-0.060452137142419815,
-0.11709430068731308,
0.1783233880996704,
0.014676683582365513,
0.06633815169334412,
0.08527280390262604,
0.023746373131871223,
-0.015464721247553825,
-0.08624083548784256,
-0.044629111886024475,
0.07610352337360382,
-0.03668772429227829,
-0.07960028201341629,
0.04273606464266777,
0.02774158865213394,
0.12894800305366516,
-0.002256658161059022,
0.05128657817840576,
-0.040088851004838943,
0.11025743186473846,
0.03669293597340584,
0.0025760356802493334,
-0.08081062138080597,
0.04488164186477661,
0.017291659489274025,
0.026160741224884987,
-0.15699976682662964,
-0.05265546962618828,
-0.0386868491768837,
-0.017564639449119568,
-0.1468590795993805,
-0.1413261592388153,
-0.08084065467119217,
-0.0832940936088562,
-0.016944007948040962,
0.05451294779777527,
-0.0053772046230733395,
-0.014577183872461319,
0.011842024512588978,
0.06049693003296852,
0.01072624884545803,
0.01656751148402691,
-0.016215650364756584,
0.023732004687190056,
0.033786412328481674,
-0.04252570867538452,
-0.04226202145218849,
-0.08888343721628189,
-0.08519764244556427,
-0.06592060625553131,
0.040606800466775894,
-0.042417973279953,
-0.08951131999492645,
-0.09460506588220596,
-0.08022606372833252,
-0.06825555860996246,
-0.0023187657352536917,
-0.05997859314084053,
-0.08769485354423523,
-0.023718109354376793,
0.02957887575030327,
0.04808732494711876,
-0.048569101840257645,
-0.044258616864681244,
0.00754346651956439,
0.06999056786298752,
0.07950412482023239,
0.07512403279542923,
0.10096658766269684,
0.13357238471508026,
0.023717055097222328,
0.1261606067419052,
-0.08349413424730301,
0.028030849993228912,
0.047346360981464386,
0.06410308927297592,
0.0019174125045537949,
-0.03654683753848076,
-0.09759823232889175,
0.04571238160133362,
-0.06235881522297859,
-0.0735592469573021,
0.11996810138225555,
0.08600469678640366,
-0.055096134543418884,
0.020386891439557076,
0.09486466646194458,
0.15210506319999695,
0.07949841767549515,
0.019664306193590164,
0.016725189983844757,
0.0599542073905468,
0.1308056265115738,
0.02369971014559269,
0.1368970274925232,
0.1452266424894333,
0.11324407905340195,
0.0012410372728481889,
0.010291543789207935,
0.007097736466675997,
0.03454351797699928,
0.08482722193002701,
0.07640266418457031,
-0.030547000467777252,
0.01366210263222456,
-0.00738460011780262,
-0.05924268811941147,
0.1082930937409401,
-0.035879045724868774,
-0.07263407111167908,
0.05684736743569374,
0.0734068900346756,
-0.021748660132288933,
0.05871749296784401,
0.07965441793203354,
0.1141529232263565,
0.0746765285730362,
0.06964128464460373,
0.05805259197950363,
0.08225180953741074,
-0.008188041858375072,
-0.02776182070374489,
-0.07473143935203552,
-0.0997815728187561,
-0.08488566428422928,
-0.02964620478451252,
-0.0832594633102417,
-0.014747915789484978,
-0.014502070844173431,
-0.027541739866137505,
-0.08714678883552551,
-0.0557200126349926,
0.029722493141889572,
0.1212492287158966,
0.043705280870199203,
-0.06715743243694305,
-0.15278588235378265,
-0.0646776556968689,
0.03766029700636864,
0.04725638031959534,
0.030239051207900047,
0.11768822371959686,
-0.10304944217205048,
-0.06834029406309128,
0.10801179707050323,
0.17333459854125977,
0.23289097845554352,
-0.08655472844839096,
-0.07186591625213623,
0.0009654618916101754,
0.08198568969964981,
0.22661352157592773,
-0.1613772213459015,
-0.15134693682193756,
0.0012080356245860457,
0.05937771126627922,
0.07256262749433517,
-0.014038181863725185,
0.029961086809635162,
0.032594867050647736,
-0.10768507421016693,
0.056999556720256805,
0.16234996914863586,
0.046099383383989334,
0.020853878930211067,
-0.07843626290559769,
-0.05792208015918732,
0.03287648782134056,
0.0655805692076683,
-0.009650858119130135,
-0.007961361669003963,
-0.05568142607808113,
0.04672534763813019,
0.10915377736091614,
-0.0011265557259321213,
-0.022994711995124817,
0.06688530743122101,
-0.013113505207002163,
0.09644598513841629,
-0.0023871194571256638,
-0.023550970479846,
-0.026088329032063484,
0.07632739841938019,
0.08078739792108536,
-0.026266640052199364,
-0.1220969408750534,
-0.09118294715881348,
0.09893839806318283,
0.13933062553405762,
0.04432305693626404,
-0.08886165171861649,
-0.1757243424654007,
0.051839642226696014,
0.06791556626558304,
0.1069783866405487,
0.01491238921880722,
-0.049161750823259354,
0.03525235131382942,
0.03579510748386383,
0.09052202850580215,
0.12504293024539948,
0.06779082119464874,
-0.04510064795613289,
0.10322610288858414,
0.052250150591135025,
0.11382269114255905,
0.0685715600848198,
-0.07003413140773773,
-0.0909074917435646,
-0.04916485399007797,
-0.1038639098405838,
0.09203429520130157,
-0.06228519603610039,
-0.0456116646528244,
-0.17652828991413116,
-0.19083406031131744,
-0.17348574101924896,
-0.011069267056882381,
0.030122626572847366,
-0.11450117826461792,
-0.06114405021071434,
-0.10812700539827347,
-0.05405814200639725,
0.0810260996222496,
0.05105608329176903,
-0.009578118100762367,
0.043230995535850525,
0.06478393822908401,
-0.0330730564892292,
0.03738126903772354,
-0.004321644082665443,
0.039210472255945206,
-0.037691254168748856,
0.00896676629781723,
0.137190043926239,
0.10796966403722763,
0.0683247521519661,
-0.09007744491100311,
-0.00992536824196577,
0.01462010107934475,
0.03925123065710068,
-0.013366226106882095,
-0.1319255232810974,
-0.14942532777786255,
-0.04952460527420044,
0.0851873978972435,
-0.08222134411334991,
-0.060886844992637634,
-0.044308826327323914,
-0.08886435627937317,
0.014949399046599865,
0.0013703742297366261,
-0.0807836577296257,
-0.10795575380325317,
-0.03525831550359726,
0.05272481217980385,
-0.018482817336916924,
0.10154269635677338,
-0.014348157681524754,
0.11177584528923035,
-0.0509212352335453,
-0.07571114599704742,
0.08479488641023636,
0.05334291234612465,
0.1080695316195488,
0.019842518493533134,
-0.012338525615632534,
-0.04705298691987991,
0.03363515064120293,
0.11103332787752151,
0.13327789306640625,
0.061215840280056,
0.03258296102285385,
0.05811034515500069,
0.025120792910456657,
0.014678312465548515,
0.049971625208854675,
-0.06784714758396149,
-0.0502764917910099,
0.07301690429449081,
0.008637570776045322,
-0.006260644644498825,
-0.03436649963259697,
-0.027284398674964905,
-0.10603311657905579,
-0.10358183085918427,
-0.08705593645572662,
-0.08647040277719498,
0.001920549082569778,
-0.009050418622791767,
-0.09065304696559906,
-0.07080546021461487,
-0.12709464132785797,
-0.1529938131570816,
-0.00971605721861124,
-0.05056164041161537,
-0.0380694754421711,
-0.23418915271759033,
-0.03877686709165573,
-0.05926816910505295,
0.021801739931106567,
0.010929803363978863,
-0.12257879972457886,
-0.0921231061220169,
0.009299613535404205,
0.15460725128650665,
0.06760553270578384,
0.04032241553068161,
0.1354552060365677,
-0.018926652148365974,
-0.08428329229354858,
-0.04910801723599434,
0.028110632672905922,
0.06620033830404282,
-0.06012552231550217,
-0.14689818024635315,
-0.1229156106710434,
0.10542597621679306,
0.0298512801527977,
-0.05797369033098221,
-0.12440144270658493,
-0.13641348481178284,
0.10376894474029541,
4.790182356373407e-05,
-0.024260811507701874,
0.021217577159404755,
-0.03636141121387482,
0.027943726629018784,
0.04284454882144928,
-0.021172836422920227,
0.09560108929872513,
-0.01954912766814232,
0.02629758231341839,
-0.016043612733483315,
0.0054627396166324615,
0.08797171711921692,
0.039889201521873474,
0.054087087512016296,
0.06681562960147858,
0.06695060431957245,
0.003021383425220847,
-0.09080956131219864,
0.07975609600543976,
0.07256928086280823,
-0.011174318380653858,
-0.0962340384721756,
-0.008852488361299038,
0.024655334651470184,
0.0545828640460968,
0.034554373472929,
-0.056875623762607574,
0.01753990724682808,
0.09872033447027206,
0.09803782403469086,
0.021299652755260468,
0.029264699667692184,
-0.05065968632698059,
-0.1156860962510109,
-0.031483665108680725,
-0.0173751562833786,
0.037534065544605255,
0.0008801888907328248,
-0.02052980288863182,
0.03472204878926277,
-0.006111259572207928,
0.014065525494515896,
-0.05645638331770897,
-0.03675025328993797,
-0.042410898953676224,
-0.00040996907046064734,
-0.05479706451296806,
-0.04738099128007889,
-0.06298231333494186,
0.0208207406103611,
-0.050362613052129745,
-0.050199348479509354,
-0.08875703811645508,
-0.027129944413900375,
0.11107761412858963,
-0.01738830655813217,
-0.052936311811208725,
-0.012361547909677029,
-0.034482192248106,
0.1460188329219818,
0.19487835466861725,
0.15435205399990082,
0.07317254692316055,
-0.06630142033100128,
0.1366456300020218,
0.15222889184951782,
0.16924898326396942,
0.07140858471393585,
-0.009301829151809216,
0.19299285113811493,
0.05071387439966202,
0.11442974209785461,
-0.07032211124897003,
0.13063675165176392,
0.13016337156295776,
0.06955660879611969,
0.07902078330516815,
0.015095595270395279,
-0.009427662007510662,
-0.006565913092344999,
0.03861478343605995,
0.04177001491189003,
-0.03442038968205452,
-0.019773002713918686,
0.01762140914797783,
0.07148224115371704,
0.08882544189691544,
-0.008004878647625446,
0.0909414291381836,
0.040990594774484634,
0.0819796696305275,
-0.009547395631670952,
-0.13663922250270844,
0.0029476818162947893,
0.09230875223875046,
0.052300192415714264,
-0.065638966858387,
-0.17122676968574524,
0.05681069940328598,
0.13049888610839844,
0.07404568046331406,
0.061894308775663376,
-0.0982246994972229,
0.027897866442799568,
0.08182771503925323,
0.11286851763725281,
0.0037184585817158222,
0.1116756722331047,
-0.13739719986915588,
-0.03561033681035042,
-0.05856643244624138,
-0.019376248121261597,
-0.02286921814084053,
-0.05961645394563675,
-0.11021969467401505,
0.0033382256515324116,
0.08682630956172943,
-0.022738387808203697,
0.011093012057244778,
-0.0017719370080158114,
0.004789649974554777,
0.05868471413850784,
0.11552534997463226,
0.15689502656459808,
0.1640091836452484,
-0.010653193108737469,
-0.008107980713248253,
0.006653976626694202,
0.25744789838790894,
0.16533496975898743,
0.23649105429649353,
-0.015225837007164955,
-0.13939063251018524,
0.04235519468784332,
-0.02271701768040657,
0.04029111936688423,
0.06809413433074951,
0.10031821578741074,
0.06954486668109894,
0.08559669554233551,
0.05572810024023056,
0.08549199998378754,
0.04099474847316742,
0.0002949908666778356,
0.04745611548423767,
0.13137640058994293,
0.12583334743976593,
-0.0014982286375015974,
-0.08964601159095764,
0.03786099702119827,
0.07059857249259949,
0.11105746775865555,
0.036609139293432236,
-0.06959681957960129,
-0.09215177595615387,
-0.1496669352054596,
0.04362192749977112,
0.0797073170542717,
0.04617233946919441,
0.07550619542598724,
0.060995396226644516,
-0.03932035714387894,
0.036680515855550766,
0.04283147677779198,
0.0047130584716796875,
0.09218483418226242,
0.053697362542152405,
0.08988715708255768,
0.05304589495062828,
0.06171175837516785,
0.030581200495362282,
0.07195964455604553,
0.09926716983318329,
0.054598886519670486,
0.02570181153714657,
0.03742503747344017,
0.04506288468837738,
0.07682971656322479,
0.05583956092596054,
0.000489869387820363,
-0.05237140879034996,
-0.053320277482271194,
0.10636091977357864,
-0.03437283635139465,
-0.09492378681898117,
0.009250218980014324,
0.08416154235601425,
0.06273003667593002,
-0.014188198372721672,
-0.00875928532332182,
-0.04732683300971985,
0.007490687072277069,
0.088351309299469,
-0.04013388976454735,
0.010610341094434261,
0.1075178012251854,
0.07785769551992416,
-0.05136626958847046,
-0.058607082813978195,
-0.02414041757583618,
0.0625053271651268,
0.1678524762392044,
0.10104558616876602,
0.06308172643184662,
-0.02725558541715145,
-0.003929083235561848,
0.11024906486272812,
0.18204952776432037,
0.0028337882831692696,
-0.004871530458331108,
0.11041469126939774,
0.07497647404670715,
0.11575403064489365,
0.041115839034318924,
0.11370951682329178,
0.0962078645825386,
0.09555432945489883,
0.01478655356913805,
0.050946567207574844,
-0.004323938395828009,
0.04072432219982147,
-1.63874701684108e-05,
-0.09508294612169266,
0.03487550839781761,
-0.028612198308110237,
-0.14183394610881805,
-0.16680748760700226,
-0.06271059066057205,
-0.11828979104757309,
-0.07473962754011154,
-0.10388223826885223,
-0.19885191321372986,
-0.0827345997095108,
-0.04599863663315773,
-0.06872118264436722,
0.018408214673399925,
-0.035486772656440735,
0.0981813594698906,
-0.07081020623445511,
-0.050430070608854294,
0.04405895248055458,
0.03852779045701027,
-0.05650024488568306,
-0.05502526834607124,
-0.06813406944274902,
0.04299342259764671,
0.01925908774137497,
0.06970785558223724,
0.0100630484521389,
-0.0833226814866066,
-0.008316628634929657,
-0.11047323048114777,
0.09308113902807236,
-0.007654200773686171,
0.00017517396190669388,
-0.007922477088868618,
-0.12138818204402924,
-0.11697632074356079,
-0.09441990405321121,
-0.07664518058300018,
-0.16278235614299774,
-0.03803277760744095,
-0.02387760393321514,
-0.19924111664295197,
-0.22556006908416748,
-0.06895684450864792,
-0.06681741029024124,
-0.004283833783119917,
-0.24426110088825226,
-0.08735817670822144,
-0.0805087760090828,
0.1555946171283722,
0.1365034282207489,
-0.13563401997089386,
-0.041963525116443634,
0.05492054298520088,
0.10565800964832306,
0.09927443414926529,
-0.1004253402352333,
0.001481945044361055,
0.08223702758550644,
-0.05757727846503258,
-0.023471392691135406,
-0.03519129753112793,
-0.009517869912087917,
0.021791668608784676,
-0.030354848131537437,
-0.0006517915171571076,
0.021937711164355278,
0.05918373167514801,
0.09685559570789337,
0.009684152901172638,
-0.05383196473121643,
0.03905770555138588,
0.044137801975011826,
0.04057792201638222,
0.00753196282312274,
-0.05108650401234627,
-0.03032839111983776,
0.046686671674251556,
0.09085848182439804,
0.1102815493941307,
0.08275221288204193,
-0.018220072612166405,
-0.02666742168366909,
-0.04626472666859627,
0.020157458260655403,
0.09417569637298584,
0.07593097537755966,
0.03733266517519951,
0.023537004366517067,
-0.0055453721433877945,
0.00647374102845788,
0.044441867619752884,
0.024469880387187004,
0.031360991299152374,
0.09989742189645767,
0.016553709283471107,
-0.04190630093216896,
0.02436191588640213,
0.04520171508193016,
-0.018128903582692146,
-0.05178559198975563,
0.10735788196325302,
0.00510279880836606,
-0.01610550470650196,
-0.013696158304810524,
0.11959619075059891,
0.060496386140584946,
0.0035079780500382185,
0.02122201956808567,
-0.01939612440764904,
0.04603542760014534,
-0.11134712398052216,
-0.17580920457839966,
-0.015313079580664635,
0.10045409202575684,
0.04815104603767395,
-0.13843253254890442,
0.0035703277681022882,
-0.02363005466759205,
0.008996054530143738,
0.06703131645917892,
-0.015864575281739235,
0.04206989333033562,
0.005295976996421814,
0.0013081266079097986,
-0.06870408356189728,
-0.01281250361353159,
0.11082383245229721,
0.027096157893538475,
0.07478872686624527,
0.07801979035139084,
0.08531644195318222,
0.09916125237941742,
0.1206471249461174,
0.14879250526428223,
0.049602799117565155,
0.009484522975981236,
-0.009980021975934505,
0.07778770476579666,
0.15343326330184937,
0.1197400763630867,
-0.03918277472257614,
0.07978172600269318,
0.19460438191890717,
0.0933891087770462,
0.021112460643053055,
-0.03656717762351036,
0.15374432504177094,
0.10216421633958817,
-0.04390529543161392,
-0.12430538982152939,
0.09360580891370773,
0.03304414078593254,
0.0031078746542334557,
-0.05889043211936951,
-0.01910388097167015,
0.09553711116313934,
0.09321562200784683,
-0.07608431577682495,
-0.09603890031576157,
0.025642676278948784,
0.01571623608469963,
-0.05153356492519379,
0.03683236613869667,
0.012809142470359802,
0.026404382660984993,
0.017875801771879196,
0.0019148288993164897,
-0.009087595157325268,
-0.014203247614204884,
-0.037075791507959366,
0.09940159320831299,
0.12435184419155121,
0.07612799108028412,
-0.020997386425733566,
0.0600535124540329,
0.01104368083178997,
0.07707960903644562,
-0.030955534428358078,
0.06315305829048157,
-0.03556833416223526,
-0.01911986619234085,
-0.014557343907654285,
-0.035575199872255325,
0.013770018704235554,
-0.11551317572593689,
0.14967983961105347,
0.167520672082901,
0.08836591243743896,
0.12102535367012024,
0.08601453900337219,
0.2695053815841675,
0.07191582769155502,
-0.05497060343623161,
0.0457206666469574,
0.11831028759479523,
0.1542830765247345,
0.17685119807720184,
-0.02401106432080269,
-0.0789623111486435,
-0.1171690970659256,
0.06431008875370026,
0.08657480776309967,
0.06854502111673355,
-0.05371049791574478,
-0.04752330854535103,
0.01631958968937397,
-0.09746548533439636,
-0.06648814678192139,
0.010895405896008015,
0.07495720684528351,
-0.020855847746133804,
0.03706859052181244,
0.06973320990800858,
0.03197391331195831,
0.022964509204030037,
0.04155203327536583,
0.0013019301695749164,
0.06734605133533478,
0.03264274075627327,
0.009683613665401936,
0.17391057312488556,
-0.03754441440105438,
-0.0016112129669636488,
0.07672253251075745,
-0.003315335838124156,
0.013915670104324818,
0.1151425763964653,
0.03184196352958679,
-0.03482368588447571,
-0.0110691012814641,
0.014569763094186783,
0.09507124125957489,
0.07819083333015442,
0.08372294902801514,
0.01185582485049963,
-0.07289505749940872,
-0.03813573718070984,
0.004759224597364664,
-0.014385462738573551,
-0.008362390100955963,
-0.012439769692718983,
0.02273390255868435,
0.055630140006542206,
0.058609284460544586,
0.0015317461220547557,
0.16532264649868011,
0.06497330963611603,
0.010057882405817509,
-0.01747872866690159,
0.06873845309019089,
0.11637498438358307,
0.1072423979640007,
-0.0022877275478094816,
-0.04736557975411415,
0.0019181851530447602,
-0.06081315129995346,
0.05064484477043152,
0.072981096804142,
0.07333402335643768,
0.02024039626121521,
0.015017641708254814,
0.04265296086668968,
-0.07135394960641861,
0.039991240948438644,
-0.055393021553754807,
-0.07560301572084427,
0.03886216878890991,
-0.06352324783802032,
-0.06986917555332184,
-0.03715098276734352,
0.11483921855688095,
-0.02915083058178425,
-0.13183125853538513,
0.02609649859368801,
-0.07340361177921295,
0.08069050312042236,
-0.01883266493678093,
0.0028140698559582233,
-0.0180442463606596,
-0.011230195872485638,
-0.0029722817707806826,
0.11376219242811203,
-0.016855409368872643,
0.08090303093194962,
0.0685945600271225,
0.07233273237943649,
0.031604181975126266,
-0.09698536247015,
0.001697630388662219,
0.07853496074676514,
-0.017193138599395752,
-0.060416221618652344,
-0.09854283928871155,
-0.08217068016529083,
0.06357339769601822,
-0.14862413704395294,
0.010097755119204521,
-0.0732969269156456,
0.01696632243692875,
0.043480902910232544,
-0.10385482013225555,
-0.03884074464440346,
-0.048562437295913696,
-0.08054500073194504,
-0.005646997131407261,
-0.11432519555091858,
0.0037334896624088287,
-0.041027944535017014,
-0.08008268475532532,
0.03199195861816406,
0.023871228098869324,
-0.004430660977959633,
-0.07474955171346664,
-0.0030505694448947906,
0.09179730713367462,
0.10514266788959503,
-0.04337390512228012,
-0.03464086726307869,
0.030126551166176796,
0.10738755017518997,
0.03246619552373886,
0.12314867973327637,
-0.0030697202309966087,
-0.03032776154577732,
0.061567530035972595,
-0.022046295925974846,
-0.04942258819937706,
0.023245729506015778,
0.03240532800555229,
0.0138719342648983,
-0.037704505026340485,
0.024017272517085075,
0.05107508972287178,
0.05838380753993988,
0.0953226312994957,
0.12113698571920395,
0.0873015895485878,
0.04906890168786049,
0.07699795812368393,
0.06965190172195435,
0.12459079176187515,
0.09127791225910187,
0.06334344297647476,
0.15038909018039703,
0.14918673038482666,
0.13954679667949677,
0.19990967214107513,
0.08011802285909653,
0.06921442598104477,
0.19219733774662018,
0.13717353343963623,
0.05953967198729515,
0.07938247174024582,
0.12584663927555084,
0.1195477843284607,
-0.07405933737754822,
0.0014362519141286612,
-0.029828688129782677,
-0.07362241297960281,
-0.06776662915945053,
0.023195162415504456,
-0.052721988409757614,
-0.1267833560705185,
-0.047793567180633545,
-0.05995152145624161,
-0.05151871219277382,
-0.09560812264680862,
-0.045195456594228745,
0.047837305814027786,
0.008309335447847843,
0.019460642710328102,
0.12224020808935165,
0.08277798444032669,
0.1253022700548172,
0.040190018713474274,
0.06727942824363708,
0.09516075998544693,
0.14706504344940186,
0.11722692102193832,
0.027474738657474518,
0.0588342510163784,
-0.03722444176673889,
-0.02078382484614849,
-0.005733213387429714,
0.0517813004553318,
0.06405679881572723,
-0.07262291014194489,
-0.10823468118906021,
-0.12752917408943176,
-0.09463609009981155,
0.0015481144655495882,
0.040827427059412,
-0.03990153595805168,
-0.05633588135242462,
-0.02333650179207325,
0.06331195682287216,
0.041507620364427567,
0.07546158879995346,
0.0005118596600368619,
0.08333881199359894,
0.017110256478190422,
0.11655659973621368,
0.03241429105401039,
0.11314030736684799,
0.0011661534663289785,
0.026162784546613693,
-0.02965288981795311,
-0.0122057581320405,
0.02151656523346901,
0.06645622849464417,
0.07818342000246048,
0.012715164572000504,
0.010338759049773216,
0.012396362610161304,
-0.0007300020079128444,
-0.06812717020511627,
0.009597845375537872,
-0.021740060299634933,
-0.06413546204566956,
0.016365954652428627,
-0.002152632689103484,
0.029706241562962532,
0.030095931142568588,
0.1682695746421814,
0.059348829090595245,
0.034435074776411057,
0.17401325702667236,
0.19919106364250183,
0.11287016421556473,
0.06183894723653793,
0.06431259214878082,
0.14121605455875397,
0.0758390724658966,
-0.004713622387498617,
0.00040844149771146476,
-0.07139856368303299,
0.010680747218430042,
-0.13949760794639587,
-0.16570571064949036,
-0.19172242283821106,
-0.06598670780658722,
-0.13186867535114288,
-0.22816483676433563,
-0.2021283209323883,
-0.10444337129592896,
-0.13023538887500763,
-0.17328178882598877,
-0.08512421697378159,
-0.1548437625169754,
-0.1427777260541916,
-0.043317731469869614,
0.07360865920782089,
0.08813729882240295,
0.04182819277048111,
-0.08465873450040817,
-0.02286551520228386,
0.017473960295319557,
-0.08926162868738174,
-0.12859338521957397,
-0.0915285125374794,
0.03272107616066933,
-0.020746611058712006,
-0.01887429878115654,
-0.06067647784948349,
-0.03459405153989792,
0.006803056690841913,
-0.05678659304976463,
0.07311823219060898,
0.011138946749269962,
0.02764042653143406,
0.08963621407747269,
0.15467113256454468,
0.09492862969636917,
0.08342193812131882,
0.10331713408231735,
0.11540917307138443,
0.14065420627593994,
0.061866819858551025,
0.09788118302822113,
-0.031707171350717545,
-0.08356312662363052,
0.005997780244797468,
-0.1364457607269287,
-0.060170628130435944,
0.012346847914159298,
-0.11441173404455185,
-0.04904603585600853,
-0.008686739951372147,
-0.021486205980181694,
0.06112971901893616,
-0.09834013134241104,
-0.1790805608034134,
-0.15711230039596558,
-0.15637776255607605,
-0.1301402747631073,
-0.06275176256895065,
-0.1319732517004013,
-0.15316130220890045,
-0.17586714029312134,
-0.02832922153174877,
-0.07023744285106659,
-0.27864181995391846,
-0.221492737531662,
-0.1933019608259201,
-0.12984468042850494,
-0.1638176292181015,
-0.24920497834682465,
-0.25592508912086487,
-0.014160040766000748,
0.165977343916893,
-0.002709238324314356,
0.08379798382520676,
0.06260567903518677,
-0.01634836755692959,
0.014163736253976822,
-0.044929999858140945,
0.09232747554779053,
-0.031783197075128555,
-0.02729354426264763,
0.11025159060955048,
-0.14684702455997467,
0.03965688869357109,
0.0583849735558033,
0.11720191687345505,
0.02565617486834526,
-0.03611713647842407,
-0.011279294267296791,
0.017632363364100456,
0.10802542418241501,
-0.0391758568584919,
0.12121177464723587,
0.05133822187781334,
0.10708101093769073,
0.08973494917154312,
0.01022159494459629,
-0.06367132067680359,
-0.012364648282527924,
0.05489305406808853,
0.06025746837258339,
0.09309782087802887,
-0.08658405393362045,
0.03489470109343529,
0.09874500334262848,
0.1040121391415596,
0.02628389000892639,
-0.1155172735452652,
-0.07039541006088257,
0.01835666596889496,
0.07500004768371582,
0.03557703644037247,
-0.049999188631772995,
0.0647752657532692,
0.09917210787534714,
0.0298568494617939,
0.06311154365539551,
-0.02609839104115963,
-0.006113325711339712,
0.14563360810279846,
0.08197305351495743,
-0.04554596543312073,
0.027941036969423294,
-0.04734737053513527,
-0.04919152706861496,
-0.09216669946908951,
-0.09540652483701706,
-0.01978626847267151,
-0.14483924210071564,
-0.19552992284297943,
-0.04788224771618843,
0.11752394586801529,
-0.12166354805231094,
-0.176514133810997,
-0.17619293928146362,
-0.00945010595023632,
0.12443439662456512,
-0.2289746254682541,
-0.011923987418413162,
0.10544359683990479,
0.1357446014881134,
0.04241972044110298,
-0.012234140187501907,
0.028536424040794373,
0.04886593297123909,
0.10835035890340805,
0.14859595894813538,
0.06433434039354324,
-0.0026720359455794096,
-0.03686254844069481,
0.09989095479249954,
0.09018032997846603,
-0.024042023345828056,
-0.1689932495355606,
-0.04498635604977608,
0.22757478058338165,
0.12062286585569382,
-0.17023172974586487,
-0.1088351383805275,
0.15949861705303192,
0.14126965403556824,
0.22178322076797485,
-0.20594321191310883,
-0.04657535254955292,
0.1966470330953598,
0.23577946424484253,
0.18153385818004608,
-0.04419521987438202,
0.1590987741947174,
0.1821553260087967,
0.04784909635782242,
-0.06450997292995453,
-0.005402161739766598,
-0.14200690388679504,
-0.037166379392147064,
0.1227610856294632,
0.0980205312371254,
-0.15123049914836884,
-0.08373956382274628,
0.03591020777821541,
0.022711751982569695,
0.16165195405483246,
-0.11429472267627716,
0.05559506267309189,
0.10393676161766052,
0.1017264872789383,
0.13168977200984955,
0.004418498370796442,
0.14599494636058807,
0.11984585970640182,
0.10311649739742279,
-0.03983145207166672,
0.14271458983421326,
0.09052884578704834,
0.1393483579158783,
0.08009609580039978,
-0.04515957087278366,
0.07854275405406952,
0.05835060030221939,
0.1009080559015274,
0.01929318904876709,
0.0030123614706099033,
0.015466181561350822,
0.041814036667346954,
0.09997068345546722,
-0.021153490990400314,
-0.120717853307724,
0.07027239352464676,
0.1712246686220169,
0.14321039617061615,
0.048810992389917374,
0.0473891980946064,
0.1921568214893341,
0.2730265259742737,
0.1649029403924942,
0.2059716433286667,
0.1322941929101944,
0.19717197120189667,
0.17400331795215607,
0.16239091753959656,
0.16339793801307678,
0.17397314310073853,
0.04674085974693298,
0.0929362028837204,
0.0708075612783432,
0.11997582018375397,
0.1309930384159088,
0.01490697730332613,
0.010388543829321861,
0.14280277490615845,
-0.0033363518305122852,
0.13609585165977478,
-0.07783674448728561,
-0.07380691915750504,
-0.13870058953762054,
-0.15501856803894043,
-0.07083086669445038,
-0.1453634798526764,
-0.22481101751327515,
-0.1750987023115158,
-0.08861207216978073,
-0.0041245329193770885,
-0.011358724907040596,
-0.08248204737901688,
0.006309437099844217,
0.027681661769747734,
0.029827246442437172,
0.12527474761009216,
0.1206042468547821,
-0.010334542952477932,
0.1147582083940506,
0.0797920674085617,
-0.018475845456123352,
0.08453211933374405,
0.034587785601615906,
0.05536961928009987,
0.050100550055503845,
-0.00801337230950594,
-0.0641326978802681,
-0.06670206040143967,
-0.14065296947956085,
0.0032085892744362354,
-0.1273454874753952,
-0.09932166337966919,
-0.15846575796604156,
-0.15145425498485565,
-0.08496271073818207,
-0.011015048250555992,
0.05145440623164177,
0.05000621825456619,
-0.032919589430093765,
0.04009950906038284,
0.05446841940283775,
0.09282458573579788,
0.13468296825885773,
0.13712753355503082,
0.1273958832025528,
0.20143716037273407,
0.11830580234527588,
0.1808236688375473,
0.10151861608028412,
0.061167459934949875,
0.18200808763504028,
0.19076573848724365,
0.20613117516040802,
0.1199420839548111,
-0.004733376670628786,
0.0034776560496538877,
-0.08798103034496307,
-0.0731867253780365,
-0.12483888864517212,
-0.02787305787205696,
-0.00018615381850395352,
-0.06461804360151291,
-0.00758732296526432,
0.06574341654777527,
0.044410739094018936,
-0.059826597571372986,
0.07041802257299423,
0.12415824085474014,
0.0065332395024597645,
-0.06754473596811295,
0.059718627482652664,
-0.010069687850773335,
0.012033738195896149,
0.032639794051647186,
0.0321994312107563,
-0.016231631860136986,
0.06234195828437805,
-0.05906844884157181,
-0.17497457563877106,
-0.1588762253522873,
-0.0918339267373085,
-0.14299830794334412,
-0.15610352158546448,
-0.2054355889558792,
-0.04663146659731865,
-0.12867818772792816,
-0.1102004423737526,
-0.04713878035545349,
-0.10536778718233109,
0.006379188969731331,
0.02970636822283268,
0.09205510467290878,
0.12715089321136475,
0.08136118203401566,
0.1305318921804428,
0.020658433437347412,
-0.06865181028842926,
-0.08254727721214294,
-0.08726675063371658,
0.01756882295012474,
-0.036203742027282715,
-0.12387123703956604,
-0.19887687265872955,
-0.11274091899394989,
-0.10274232923984528,
-0.036177366971969604,
-0.12199046462774277,
-0.12700724601745605,
-0.07262355834245682,
-0.04282078519463539,
0.08256369829177856,
0.08582539111375809,
0.11123674362897873,
0.12674319744110107,
0.07306338101625443,
0.22694019973278046,
0.28034523129463196,
0.19631427526474,
0.1473834067583084,
-0.0311320461332798,
0.023284491151571274,
0.058770161122083664,
0.08476020395755768,
0.007649185601621866,
-0.028058994561433792,
-0.009741868823766708,
-0.13492028415203094,
-0.0669461339712143,
-0.014685374684631824,
-0.04896530881524086,
0.19286003708839417,
0.08833331614732742,
0.029347503557801247,
-0.002434037858620286,
-0.14107349514961243,
0.11328508704900742,
0.03878039866685867,
-0.03249511867761612,
-0.10342983156442642,
-0.09717285633087158,
0.14837205410003662,
-0.013245773501694202,
0.09915472567081451,
0.08070343732833862,
0.04490983113646507,
0.10197923332452774,
0.1542176604270935,
0.13212375342845917,
0.13192009925842285,
0.04361041635274887,
0.033860765397548676,
-0.05425090342760086,
0.025597531348466873,
0.06532248109579086,
0.01755189709365368,
-0.10555294901132584,
-0.10753995925188065,
0.043409816920757294,
-0.026764051988720894,
0.05389757454395294,
0.04958950728178024,
0.04479200765490532,
-0.07521089166402817,
-0.05801677331328392,
-0.08635418117046356,
0.15664483606815338,
-0.01375530008226633,
-0.05568115413188934,
0.04319231957197189,
-0.011437886394560337,
0.14858673512935638,
0.13853336870670319,
0.02227948047220707,
0.0067656878381967545,
0.034648824483156204,
-0.08749894797801971,
0.019487980753183365,
0.02345387078821659,
-0.0357251800596714,
0.02652702108025551,
-0.14463967084884644,
-0.1547645628452301,
-0.10879261791706085,
-0.0019702615682035685,
0.013640813529491425,
-0.08887110650539398,
-0.0845239982008934,
-0.006120117846876383,
0.053660646080970764,
-0.06605429202318192,
0.06811342388391495,
0.007326320745050907,
-0.07143828272819519,
-0.003835986601188779,
0.05660927668213844,
0.2017093151807785,
0.19593366980552673,
0.13949349522590637,
0.05330374464392662,
0.07746968418359756,
0.16574494540691376,
0.1115909069776535,
0.018230605870485306,
-0.023548025637865067,
-0.01659020222723484,
0.011789483018219471,
-0.09203096479177475,
-0.020261839032173157,
0.01062355563044548,
0.04142848402261734,
-0.09126200526952744,
0.033879149705171585,
-0.02567596361041069,
-0.04298839345574379,
0.050854895263910294,
-0.246008038520813,
-0.14512716233730316,
-0.15417812764644623,
-0.050248999148607254,
0.0314893014729023,
-0.10033629834651947,
-0.08597258478403091,
-0.004891886841505766,
-0.11337767541408539,
0.06607329845428467,
-0.0517212338745594,
-0.10309839993715286,
-0.07011730223894119,
-0.09580860286951065,
-0.0709286779165268,
-0.18471507728099823,
-0.12585079669952393,
-0.05593591183423996,
-0.07661602646112442,
0.08069451153278351,
0.062318794429302216,
0.0014028974110260606,
-0.009656735695898533,
-0.022780733183026314,
0.05296368896961212,
0.03479767218232155,
0.020215602591633797,
0.12526683509349823,
-0.03219872713088989,
0.0265798419713974,
0.06845573335886002,
0.04756041243672371,
0.07456722855567932,
0.08455119282007217,
0.07941041141748428,
-0.06848157942295074,
-0.0018198761390522122,
-0.15466724336147308,
0.006405420135706663,
0.02979350835084915,
-0.023332592099905014,
-0.04979659616947174,
-0.024281296879053116,
0.047517817467451096,
0.026830650866031647,
0.10400720685720444,
-0.003530918387696147,
0.0504300482571125,
-0.040058743208646774,
-0.05999348685145378
