-0.03698471188545227,
-0.0007413565181195736,
-0.0028094956651329994,
0.031079480424523354,
0.036852654069662094,
0.008369559422135353,
-0.003211144357919693,
0.03980455547571182,
-0.0077047403901815414,
-0.0005342215881682932,
0.028962964192032814,
0.06552473455667496,
0.03966265916824341,
0.026104073971509933,
-0.05003068223595619,
-0.0414992980659008,
-0.03664594516158104,
-0.032736800611019135,
0.01107925083488226,
-0.021415570750832558,
0.05586151033639908,
0.05356340855360031,
0.03137139603495598,
-0.02479766495525837,
-0.004917096346616745,
-0.03959423676133156,
0.029797343537211418,
0.006664843764156103,
0.007102844770997763,
-0.044893763959407806,
0.014507501386106014,
0.003268846543505788,
0.060000620782375336,
0.04352010041475296,
0.03682951629161835,
0.005801737774163485,
-0.008816683664917946,
0.03025391884148121,
0.026922227814793587,
-0.02488604746758938,
0.050453029572963715,
0.01453214231878519,
-0.019335774704813957,
-0.047833722084760666,
-0.01888914220035076,
0.014087836258113384,
0.04724340885877609,
0.033525869250297546,
0.0036526143085211515,
0.06967976689338684,
-0.004158436320722103,
-0.04170138016343117,
0.005798691418021917,
0.03705904260277748,
-0.03026258386671543,
0.08899156004190445,
-0.008046750910580158,
0.058149490505456924,
0.03306988999247551,
0.01272666733711958,
0.04463855177164078,
0.04128032922744751,
-0.0008381506777368486,
0.017882805317640305,
0.03778905048966408,
-0.02550113946199417,
0.01606856845319271,
-0.03801335021853447,
0.02207559533417225,
-0.008067808113992214,
0.04274029657244682,
0.07042847573757172,
-0.050267916172742844,
-0.052071262151002884,
-0.014605511911213398,
-0.011510836891829967,
-0.0025237607769668102,
-0.00575853418558836,
0.029245639219880104,
0.03981851041316986,
0.04508407041430473,
-0.037293896079063416,
0.040550872683525085,
-0.07417060434818268,
0.016748769208788872,
-0.03298771008849144,
-0.030696475878357887,
-0.005982290953397751,
0.05895089730620384,
-0.017491089180111885,
0.04379568621516228,
-0.04368437081575394,
-0.06371216475963593,
0.0010360947344452143,
0.05223247408866882,
-0.029078425839543343,
0.02632853016257286,
-0.01201968640089035,
0.017668476328253746,
-0.002697956981137395,
-0.012200335040688515,
0.04038285091519356,
-0.02553551085293293,
-0.019046863541007042,
0.07120735943317413,
-0.028250982984900475,
0.01625150814652443,
-0.005196522455662489,
-0.04286855459213257,
-0.0338565856218338,
-0.002553028054535389,
-0.02633107639849186,
0.01990419812500477,
-0.01578420214354992,
0.0038662180304527283,
0.03952828422188759,
-0.03330756351351738,
0.011003424413502216,
0.04260962828993797,
0.00864198338240385
