-0.04381224885582924,
0.10535870492458344,
0.08633565157651901,
0.0026391104329377413,
0.03856522589921951,
-0.20404216647148132,
0.13465748727321625,
0.07579099386930466,
-0.038253191858530045,
0.10693079978227615,
-0.08514262735843658,
-0.13404853641986847,
-0.07364270091056824,
0.013354352675378323,
-0.022024005651474,
0.06293933093547821,
0.02774428203701973,
0.08651883155107498,
-0.1259322166442871,
0.03422713652253151,
-0.1272648125886917,
-0.05279332399368286,
0.08173304051160812,
0.03828560933470726,
0.1028420478105545,
-0.0002939810510724783,
-0.04391321912407875,
0.16888506710529327,
0.08375593274831772,
-0.21473181247711182,
-0.12401677668094635,
0.05571597442030907,
-0.03104930743575096,
-0.03576745465397835,
0.051756586879491806,
0.1023169532418251,
0.04385814443230629,
0.14746810495853424,
0.016572030261158943,
-0.13239772617816925,
0.016959864646196365,
-0.006215015426278114,
0.1354624330997467,
0.06969820708036423,
-0.06856423616409302,
0.04062628746032715,
-0.06540021300315857,
0.008020197972655296,
-0.05622716248035431,
-0.12962551414966583,
-0.03860842064023018,
-0.09917448461055756,
-0.15944015979766846,
-0.14313457906246185,
-0.04405062645673752,
0.13192561268806458,
0.09035614877939224,
-0.16126355528831482,
0.03799385204911232,
-0.10247214138507843,
-0.0765121802687645,
0.09544098377227783,
-0.0461699552834034,
-0.06405285745859146,
0.06267240643501282,
-0.025532973930239677,
-0.07536296546459198,
0.13316626846790314,
0.0427231639623642,
-0.07823386788368225,
0.10503034293651581,
0.05142079293727875,
0.01006832905113697,
-0.056030113250017166,
-0.025831395760178566,
0.06048990786075592,
-0.07393185794353485,
-0.008480384945869446,
-0.06727235019207001,
0.0939832553267479,
0.11352212727069855,
0.01332486979663372,
-0.12129218876361847,
-0.06733929365873337,
0.09300649911165237,
0.002371664857491851,
-0.0007473066216334701,
0.10793746262788773,
-0.04235324263572693,
-0.008679765276610851,
0.15784084796905518,
-0.12784439325332642,
-0.09334386885166168,
0.04128796607255936,
0.027085013687610626,
0.1247367337346077,
0.06450554728507996,
0.06838157773017883,
0.17495454847812653,
0.08489836007356644,
-0.11399394273757935,
0.05610346421599388,
0.13674479722976685,
0.0018765117274597287,
0.10217093676328659,
-0.06596532464027405,
0.11447668820619583,
0.14923912286758423,
-0.11940266191959381,
-0.13595697283744812,
-0.022595716640353203,
0.024535324424505234,
-0.012708311900496483,
0.10042161494493484,
-0.14447849988937378,
0.06089669466018677,
-0.17540740966796875,
0.12467151135206223,
-0.05679885298013687,
-0.03748317435383797,
-0.15822052955627441,
0.03729311004281044,
-0.06342126429080963,
-0.20062854886054993,
-0.025881782174110413,
0.10647802799940109,
-0.10383318364620209,
-0.11469043791294098,
-0.054526545107364655,
0.02500227652490139,
-0.17410093545913696,
0.07234061509370804,
0.004080562386661768,
0.08100894838571548,
0.11779336631298065,
0.09779749065637589,
0.06845097243785858,
0.15277300775051117,
-0.04062306880950928,
-0.13859668374061584,
0.09566456824541092,
0.09879065304994583,
-0.13472400605678558,
-0.08064240962266922,
-0.14510749280452728,
-0.13198970258235931,
-0.08684972673654556,
-0.07614293694496155,
0.01759174093604088,
-0.12979081273078918,
0.14035698771476746,
-0.1287081390619278,
0.008583620190620422,
-0.0645453929901123,
-0.0634935200214386,
0.08385729789733887,
0.08506114780902863,
-0.032287273555994034,
-0.048172514885663986,
-0.11437955498695374,
0.09760712087154388,
-0.020014382898807526,
-0.06326809525489807,
0.0715271607041359,
0.01712016761302948,
0.03135637938976288,
-0.07794391363859177,
-0.09857427328824997,
0.07368359714746475,
-0.15620487928390503,
-0.06446631252765656,
0.12370360642671585,
0.11784657090902328,
0.03046930581331253,
0.08577516674995422,
0.03525133058428764,
-0.1250636875629425,
-0.08655286580324173,
0.04948916286230087,
-0.024417083710432053,
-0.0908503606915474,
0.16734810173511505,
0.15168455243110657,
0.10940764099359512,
0.03020160272717476,
-0.13892070949077606,
-0.06312956660985947,
-0.03259783983230591,
-0.15437158942222595,
0.03880029916763306,
-0.16567839682102203,
-0.2061762660741806,
0.06989206373691559,
-0.06723108887672424,
0.0694408193230629,
-0.0185497235506773,
0.10127373784780502,
0.14166609942913055,
0.059167079627513885,
0.09203676134347916,
0.012843752279877663,
-0.09550634771585464,
-0.09472302347421646,
-0.04004550352692604,
-0.08979979902505875,
-0.0025499968323856592,
0.05489978566765785,
-0.015202263370156288,
0.12292777001857758,
0.13236738741397858,
0.11480427533388138,
0.07369686663150787,
-0.020815668627619743,
-0.12523901462554932,
0.088737852871418,
-0.02253447100520134,
-0.06259835511445999,
0.05115549638867378,
-0.01258001383394003,
0.02253684401512146,
-0.006309151649475098,
-0.09480949491262436,
0.16993390023708344,
0.06480328738689423,
-0.044496290385723114,
0.025254197418689728,
-0.06821083277463913,
0.08312460780143738,
-0.12010982632637024,
0.08882414549589157,
-0.09452290087938309,
0.13522601127624512,
0.03379778191447258,
-0.006788068450987339,
-0.03427882865071297,
0.00254442379809916,
0.09909403324127197,
-0.06848709285259247,
-0.04249263554811478,
-0.08188530802726746,
0.10381355881690979,
0.11889756470918655,
-0.02807745896279812,
-0.03407757356762886,
-0.15245330333709717,
0.0911799743771553,
0.047138623893260956,
0.08309345692396164,
0.058254171162843704,
-0.15400192141532898,
-0.05492804944515228,
0.10663486272096634,
-0.030063197016716003,
0.0032787425443530083,
-0.08222302049398422,
0.08531488478183746,
-0.009422289207577705,
-0.08228729665279388,
0.01361172180622816,
0.10193734616041183,
0.12101345509290695,
0.006772436201572418,
-0.0566151924431324,
-0.07084476202726364,
-0.09631961584091187,
0.017219632863998413,
-0.1690243035554886,
0.03330697864294052,
-0.03883076459169388,
-0.04834924265742302,
-0.0026958356611430645,
0.03531339764595032,
0.0399191677570343,
-0.042162828147411346,
-0.09502706676721573,
0.07677023857831955,
0.14035141468048096,
0.03372568637132645,
-0.06602582335472107,
0.03290944546461105,
0.06248350068926811,
-0.08782919496297836,
0.1259140521287918,
-0.1046103909611702,
0.05480954051017761,
-0.12305422872304916,
0.05583646893501282,
0.01483030803501606,
-0.06444188952445984,
-0.14330269396305084,
-0.15524262189865112,
-0.023996515199542046,
0.01884964108467102,
-0.041944894939661026,
-0.13244372606277466,
0.012271665968000889,
-0.1570555418729782,
0.11477694660425186,
-0.07297443598508835,
-0.02685803361237049,
-0.026185661554336548,
0.08512191474437714,
-0.08799570053815842,
-0.18132588267326355,
0.11788344383239746,
0.019038788974285126,
-0.044832851737737656,
-0.1324508637189865,
-0.16539770364761353,
-0.06154899299144745,
0.03607501462101936,
-0.08758427947759628,
-0.10273674130439758,
0.08109632879495621,
0.06955569237470627,
-0.07721620798110962,
0.049390509724617004,
-0.16613012552261353,
0.0913989469408989,
0.02706236205995083,
0.08230593800544739,
0.10753827542066574,
0.015907108783721924,
0.09823185950517654,
-0.13475044071674347,
-0.02883339859545231,
-0.020742176100611687,
-0.0021773981861770153,
-0.032517775893211365,
-0.0036584511399269104,
0.019604258239269257,
-0.17115382850170135,
-0.05000649020075798,
0.056735407561063766,
0.12989221513271332,
0.06930886209011078,
0.07006878405809402,
-0.06965401023626328,
-0.01797090843319893,
-0.029035469517111778,
0.07775229960680008,
0.073659248650074,
-0.09071474522352219,
-0.03487544134259224,
-0.04779632017016411,
0.004629507660865784,
-0.006617193575948477,
-0.03273621201515198,
0.11751258373260498,
0.028563592582941055,
-0.10838722437620163,
0.05609802156686783,
0.1106756255030632,
0.04241451993584633,
0.04803306236863136,
-0.14571718871593475,
-0.00786945316940546,
0.12459491193294525,
0.1200290322303772,
0.11779449135065079,
-0.05887463688850403,
-0.019665688276290894,
-0.167195126414299,
0.1501966118812561,
0.012895304709672928,
-0.1023145318031311,
-0.09637520462274551,
-0.022070376202464104,
0.10771024972200394,
-0.04419013857841492,
0.030771492049098015,
-0.08145995438098907,
0.0762997642159462,
0.0367492139339447,
-0.07137775421142578,
0.06865357607603073,
-0.11191172897815704,
-0.15859757363796234,
0.047596946358680725,
-0.13771913945674896,
0.09186238795518875,
0.05782155320048332,
0.07192447781562805,
-0.07929498702287674,
-0.027685895562171936,
-0.013377901166677475,
0.07820667326450348,
-0.12283241003751755,
-0.01657973974943161,
0.008377262391149998,
0.1780261993408203,
0.03290172666311264,
0.011152357794344425,
-0.0834728479385376,
-0.16110645234584808,
0.09489364922046661,
0.049231573939323425,
0.028572801500558853,
-0.024641364812850952,
0.00866425596177578,
0.09131356328725815,
-0.03054799884557724,
-0.11820361763238907,
-0.15175801515579224,
-0.14956822991371155,
-0.07160516083240509,
-0.06204184144735336,
-0.05440292879939079,
0.15643733739852905,
0.14079025387763977,
0.10005981475114822,
0.046052705496549606,
0.11867054551839828,
0.010330557823181152,
-0.07272084057331085,
-0.15017157793045044,
0.02912409044802189,
-0.10271526128053665,
-0.08050530403852463,
-0.10186219960451126,
-0.17138756811618805,
0.13902421295642853,
-0.09008340537548065,
-0.16914215683937073,
-0.04526170343160629,
-0.10085026174783707,
-0.10984191298484802,
0.13783033192157745,
0.07601986825466156,
0.09944058209657669,
0.14656825363636017,
0.07978004962205887,
-0.07171321660280228,
-0.0011666938662528992,
0.01669810153543949,
-0.14705125987529755,
0.05142219737172127,
-0.1105835810303688,
-0.11524539440870285,
0.0028918797615915537,
-0.09883669018745422,
0.055135589092969894,
-0.0367758683860302,
-0.01930176094174385,
-0.027135228738188744,
0.14808379113674164,
0.024794192984700203,
-0.09977634996175766,
0.06232065334916115,
0.05032459646463394,
-0.019100327044725418,
0.021260790526866913,
0.06517070531845093,
0.09024881571531296,
0.06413055956363678,
0.15092554688453674,
0.1251889169216156,
0.0717286691069603,
-0.11256065964698792,
-0.1072564646601677,
-0.04952170327305794,
0.08708762377500534,
0.05040419101715088,
0.017324959859251976,
-0.07610053569078445,
-0.036669060587882996,
0.03701341152191162,
-0.04146226495504379,
-0.18562720715999603,
-0.024060864001512527,
0.05881728604435921,
-0.004765676334500313,
0.06050800904631615,
0.04210067540407181,
0.04583212360739708,
-0.06107804551720619,
0.0025548869743943214,
0.13009727001190186,
-0.009859477169811726,
0.09955909103155136,
-0.1199687197804451,
0.08018669486045837,
0.07229427993297577,
-0.16383564472198486,
0.047328583896160126,
-0.041860003024339676,
0.026196898892521858,
-0.13036572933197021,
0.04509757086634636,
-0.11634399741888046,
-0.1223297044634819,
0.0485212579369545,
0.02345549874007702,
-0.08795938640832901,
-0.15058910846710205,
0.0970444530248642,
0.10764867812395096,
-0.0939873456954956,
-0.007147461175918579,
-0.12216228991746902,
-0.14865192770957947,
0.13895493745803833,
-0.009787684306502342,
-0.029607128351926804,
0.05253385007381439,
0.13055764138698578,
0.0201109629124403,
-0.02369798719882965,
-0.060910414904356,
-0.03933084011077881,
-0.10792375355958939,
-0.030154114589095116,
0.016791459172964096,
-0.0518452487885952,
-0.12444333732128143,
-0.21510203182697296,
0.142415389418602,
0.033717699348926544,
-0.01614716276526451,
0.12032091617584229,
0.03636973723769188,
0.1309451162815094,
-0.06605289876461029,
-0.0825594961643219,
-0.10956892371177673,
-0.03279215097427368,
-0.1861448734998703,
-0.17814235389232635,
-0.16372424364089966,
-0.1162976548075676,
-0.03822195529937744,
-0.05266522243618965,
0.065480075776577,
-0.11839675903320312,
-0.1702847182750702,
-0.09885343164205551,
0.06693335622549057,
0.12932628393173218,
-0.11005597561597824,
-0.019630514085292816,
0.05278162285685539,
0.07648767530918121,
0.013055619783699512,
-0.011440628208220005,
-0.13290080428123474,
-0.09343863278627396,
0.08470882475376129,
-0.004299732390791178,
-0.09335330873727798,
-0.10288123041391373,
0.06173751875758171,
-0.06009399890899658,
-0.16809779405593872,
0.019559483975172043,
0.03268696740269661,
0.14102448523044586,
0.14040130376815796,
-0.10592848807573318,
-0.08626287430524826,
0.04998308792710304,
-0.13803991675376892,
0.00014156052202451974,
-0.07685437798500061,
0.14240801334381104,
0.11883958429098129,
0.018790224567055702,
-0.02724500186741352,
-0.0904780700802803,
-0.07157119363546371,
-0.023583855479955673,
0.12088000774383545,
0.08173488825559616,
0.06991574913263321,
-0.2553229331970215,
-0.10916590690612793,
0.1060987338423729,
-0.14607413113117218,
-0.16262343525886536,
-0.08904808759689331,
0.08708593994379044,
0.05258467420935631,
0.03187186270952225,
-0.017337404191493988,
0.06021411716938019,
-0.0975928083062172,
0.03396069258451462,
-0.00835321843624115,
-0.18592172861099243,
-0.09172738343477249,
-0.06542068719863892,
-0.09547984600067139,
0.06201963499188423,
-0.13930676877498627,
0.17796704173088074,
-0.032354846596717834,
-0.16362112760543823,
0.09302587062120438,
0.014148809015750885,
-0.108727365732193,
0.01468263752758503,
-0.16581439971923828,
0.21902182698249817,
-0.05275314301252365,
-0.001094366074539721,
-0.04611971229314804,
-0.033399805426597595,
0.13140369951725006,
-0.08652212470769882,
-0.09454986453056335,
-0.15046995878219604,
0.003792274510487914,
-0.0025689853355288506,
0.006829290650784969,
0.11189419031143188,
0.12507493793964386,
0.03336440771818161,
0.06871674209833145,
0.041013214737176895,
0.00034909360692836344,
-0.05223969370126724,
0.12385520339012146,
-0.024258632212877274,
-0.20712634921073914,
0.10782919079065323,
-0.09957864135503769,
-0.05837651342153549,
-0.16108770668506622,
0.07854259014129639,
-0.03225431963801384,
0.08515973389148712,
-0.08542711287736893,
-0.08056468516588211,
0.0231493953615427,
0.08390156179666519,
-0.05297989398241043,
-0.18970425426959991,
-0.09805533289909363,
-0.013670516200363636,
-0.02382594905793667,
0.2203986942768097,
-0.06277207285165787,
0.01809547282755375,
-0.027770787477493286,
-0.13416945934295654,
0.033553022891283035,
-0.09055642783641815,
0.0292494036257267,
-0.09065762907266617,
0.005578590556979179,
0.04517418518662453,
-0.0077357511036098,
-0.04704258218407631,
-0.10105670243501663,
0.1042727380990982,
-0.060130517929792404,
0.1202457994222641,
0.1466825008392334,
0.1018417477607727,
0.09279487282037735,
-0.05093538388609886,
0.10462741553783417,
0.043756209313869476,
-0.03775231912732124,
-0.08612009137868881,
0.016549181193113327,
0.0837818905711174,
-0.010981835424900055,
0.06197410076856613,
0.10075301676988602,
0.06268993765115738,
0.09287289530038834,
-0.00532393017783761,
-0.10983499139547348,
-0.14930537343025208,
0.0443878173828125,
-0.17861899733543396,
-0.054862357676029205,
-0.10571194440126419,
-0.03992750868201256,
0.003868111176416278,
-0.06702505052089691,
-0.007417790591716766,
-0.1641862988471985,
-0.08915140479803085,
-0.03187245875597,
-0.16570790112018585,
-0.15019896626472473,
-0.12998665869235992,
0.1199527159333229,
0.09734612703323364,
0.09649387001991272,
0.11285267770290375,
-0.03158164024353027,
0.07467944920063019,
-0.06692585349082947,
-0.02145378477871418,
0.1165214478969574,
-0.10384209454059601,
0.13278703391551971,
-0.12813116610050201,
-0.1341610848903656,
-0.05745441094040871,
0.030840633437037468,
-0.08625462651252747,
-0.024455975741147995,
0.10838630050420761,
0.11093541979789734,
-0.03706836700439453,
-0.10144918411970139,
-0.12075067311525345,
0.04572590813040733,
0.1033790186047554,
-0.03237049654126167,
-0.07974710315465927,
0.027803439646959305,
0.06022970378398895,
-0.015043391846120358,
-0.03991474583745003,
0.058177005499601364,
0.021781478077173233,
-0.04227899760007858,
0.12194161117076874,
-0.099250927567482,
-0.1617957502603531,
0.10876981914043427,
0.023517271503806114,
-0.1779005527496338,
0.13574613630771637,
0.12433280050754547,
0.06199740245938301,
0.07214656472206116,
-0.04221811890602112,
-0.038190558552742004,
-0.0779556930065155,
-0.05310598388314247,
0.00843870546668768,
0.05276912823319435,
-0.07908690720796585,
-0.018134769052267075,
0.05744900181889534,
-0.13150686025619507,
-0.01524611096829176,
0.024841656908392906,
0.028127480298280716,
-0.20984064042568207,
-0.219273641705513,
-0.009920979849994183,
-0.048289839178323746,
0.021746311336755753,
-0.06083006039261818,
0.09302977472543716,
0.08932013064622879,
-0.180136039853096,
0.06597054749727249,
0.005829293746501207,
0.10367216914892197,
0.10247241705656052,
0.005763021297752857,
0.03763505443930626,
0.04552756994962692,
-0.0395982600748539,
-0.20860028266906738,
-0.20821674168109894,
-0.0014951418852433562,
0.11388066411018372,
0.05414017289876938,
0.007197925355285406,
0.14678210020065308,
0.035462599247694016,
-0.23830369114875793,
-0.027766486629843712,
-0.01395456213504076,
-0.05380759760737419,
-0.19970978796482086,
0.1033669039607048,
0.07311387360095978,
0.1356777399778366,
0.04083670675754547,
0.09930547326803207,
0.042656078934669495,
0.14207950234413147,
0.05712587386369705,
-0.026199273765087128,
-0.07213140279054642,
-0.09032891690731049,
-0.22880296409130096,
0.1054547131061554,
0.10395733267068863,
0.12552718818187714,
0.00448888773098588,
-0.0519515760242939,
-0.0331089161336422,
0.013561153784394264,
0.12627045810222626,
0.10572287440299988,
-0.18925872445106506,
0.0235747117549181,
0.0385311096906662,
-0.084030382335186,
-0.09891439974308014,
0.0035491189919412136,
0.09656967967748642,
0.1522281914949417,
-0.09739796072244644,
0.05414392054080963,
0.050284385681152344,
-0.1912205070257187,
-0.046289533376693726,
-0.05003102868795395,
-0.06542032957077026,
0.015582399442791939,
-0.15441225469112396,
0.011747874319553375,
-0.007915106602013111,
-0.062379077076911926,
-0.11314602196216583,
-0.0444619320333004,
-0.06470225006341934,
-0.07427895069122314,
-0.09828917682170868,
0.10521045327186584,
-0.04520526900887489,
-0.15976232290267944,
0.031089015305042267,
-0.2918728291988373,
-0.0198269821703434,
0.08862640708684921,
-0.15535889565944672,
-0.27897611260414124,
-0.03270115703344345,
0.023150913417339325,
0.034968238323926926,
0.07490521669387817,
0.026963792741298676,
-0.06600476801395416,
0.10973518341779709,
-0.13902445137500763,
-0.1085924282670021,
0.000482014671433717,
-0.10400795936584473
