0.10417833179235458,
-0.04926959425210953,
-0.08071469515562057,
0.053896717727184296,
0.03002965822815895,
-0.010907567106187344,
0.04377143085002899,
-0.04702829569578171,
0.08273579925298691,
-0.08462213724851608,
0.02001201920211315,
0.04446384310722351,
0.027844112366437912,
-0.034932032227516174,
0.002467234618961811,
-0.007901954464614391,
-0.05594936013221741,
0.0696750059723854,
-0.0066839358769357204,
0.02298036962747574,
0.09634964168071747,
0.06608594954013824,
0.1110822930932045,
0.05421505868434906,
-0.0064315530471503735,
-0.04635660722851753,
-0.032935887575149536,
0.0030804830603301525,
0.057778336107730865,
0.08148030936717987,
-0.0776296854019165,
-0.06174991652369499,
0.024864431470632553,
0.09816274046897888,
0.07462717592716217,
0.09023252129554749,
0.019112693145871162,
-0.05579543486237526,
-0.033872880041599274,
-0.08463352173566818,
0.023979978635907173,
0.03892698138952255,
-0.020320123061537743,
0.019387582316994667,
0.005477367900311947,
-0.036548227071762085,
0.07658892869949341,
-0.028139930218458176,
-0.06437068432569504,
0.06748540699481964,
-0.06589845567941666,
-0.0021489965729415417,
-0.07952117174863815,
0.05934527516365051,
0.011396813206374645,
0.04197012633085251,
0.08133572340011597,
-0.006759942509233952,
0.03454058989882469,
0.05768955126404762,
0.0678066611289978,
-0.019954640418291092,
0.020850928500294685,
-0.09429287165403366,
0.02899610809981823,
0.10420572012662888,
0.061870940029621124,
0.07974345982074738,
-0.0642273798584938,
-0.015063347294926643,
0.023498907685279846,
0.035589419305324554,
-0.04670684039592743,
-0.007404318079352379,
-0.007326378021389246,
-0.07359226793050766,
0.10148325562477112,
-0.05547131225466728,
-0.07512565702199936,
0.06945546716451645,
-0.050699587911367416,
0.02689955197274685,
0.07223772257566452,
-0.0015473624225705862
