0.000000
0.000000
0.000000
0.000000
0.000000
0.000000
0.000000
0.000000
0.000000
0.000000
0.000000
0.000000
0.000000
0.000000
0.000000
0.000000
0.000000
0.000000
0.000000
0.000000
0.000000
0.000000
0.000000
0.000000
0.000000
0.000000
0.000000
0.000000
0.000000
0.000000
0.000000
0.000000
0.000000
0.000000
0.000000
0.000000
0.000000
0.000000
0.000000
0.000000
0.000000
0.000000
0.000000
0.000000
0.000000
0.000000
0.000000
0.000000
0.000000
0.000000
0.000000
0.000000
0.000000
0.000000
0.000000
0.000000
0.000000
0.000000
0.000000
0.000000
0.000000
0.000000
0.000000
0.000000
0.000000
0.000000
0.000000
0.000000
0.000000
0.000000
0.000000
0.000000
0.000000
0.000000
0.000000
0.000000
0.000000
0.000000
0.000000
0.000000
0.000000
0.000000
0.000000
0.000000
0.000000
0.000000
0.000000
0.000000
0.000000
0.000000
0.000000
0.000000
0.000000
0.000000
0.000000
0.000000
0.000000
0.000000
0.000000
0.000000
0.000000
0.000000
0.000000
0.000000
0.000000
0.000000
0.000000
0.000000
0.000000
0.000000
0.000000
0.000000
0.000000
0.000000
0.000000
0.000000
0.000000
0.000000
0.000000
0.000000
0.000000
0.000000
0.000000
0.000000
0.000000
0.000000
0.000000
0.000000
0.000000
0.000000
0.000000
0.000000
0.000000
0.000000
0.003922
0.023529
0.066667
0.215686
0.250980
0.156863
0.047059
0.000000
0.000000
0.000000
0.000000
0.000000
0.000000
0.000000
0.000000
0.000000
0.000000
0.000000
0.000000
0.000000
0.000000
0.000000
0.000000
0.000000
0.000000
0.000000
0.000000
0.000000
0.000000
0.000000
0.000000
0.003922
0.047059
0.203922
0.403922
0.650980
0.701961
0.552941
0.333333
0.145098
0.019608
0.000000
0.000000
0.000000
0.000000
0.000000
0.000000
0.000000
0.000000
0.000000
0.000000
0.000000
0.000000
0.000000
0.000000
0.000000
0.000000
0.000000
0.000000
0.000000
0.000000
0.000000
0.000000
0.043137
0.223529
0.623529
0.968627
0.992157
0.992157
0.984314
0.862745
0.556863
0.196078
0.047059
0.003922
0.000000
0.000000
0.000000
0.000000
0.000000
0.000000
0.000000
0.000000
0.000000
0.000000
0.000000
0.000000
0.000000
0.000000
0.000000
0.000000
0.000000
0.000000
0.000000
0.000000
0.160784
0.603922
0.992157
0.992157
0.972549
0.956863
0.956863
0.968627
0.964706
0.792157
0.301961
0.047059
0.007843
0.000000
0.000000
0.000000
0.000000
0.000000
0.000000
0.000000
0.000000
0.000000
0.000000
0.000000
0.000000
0.000000
0.000000
0.000000
0.000000
0.000000
0.000000
0.000000
0.129412
0.517647
0.992157
0.988235
0.670588
0.486275
0.447059
0.666667
0.949020
0.976471
0.898039
0.498039
0.117647
0.011765
0.000000
0.000000
0.000000
0.000000
0.000000
0.000000
0.000000
0.000000
0.000000
0.000000
0.000000
0.000000
0.000000
0.000000
0.000000
0.000000
0.000000
0.000000
0.203922
0.717647
0.976471
0.733333
0.219608
0.086275
0.078431
0.207843
0.545098
0.945098
0.984314
0.905882
0.596078
0.172549
0.007843
0.000000
0.000000
0.000000
0.000000
0.000000
0.000000
0.000000
0.000000
0.000000
0.000000
0.000000
0.000000
0.000000
0.000000
0.000000
0.000000
0.000000
0.286275
0.925490
0.952941
0.360784
0.058824
0.000000
0.000000
0.031373
0.188235
0.513726
0.843137
0.980392
0.901961
0.584314
0.203922
0.003922
0.000000
0.000000
0.000000
0.000000
0.000000
0.000000
0.000000
0.000000
0.000000
0.000000
0.000000
0.000000
0.000000
0.000000
0.000000
0.000000
0.266667
0.878431
0.937255
0.196078
0.027451
0.000000
0.000000
0.000000
0.031373
0.164706
0.482353
0.925490
0.984314
0.886275
0.478431
0.109804
0.000000
0.000000
0.000000
0.000000
0.000000
0.000000
0.000000
0.000000
0.000000
0.000000
0.000000
0.000000
0.000000
0.000000
0.000000
0.000000
0.207843
0.725490
0.937255
0.180392
0.023529
0.117647
0.258824
0.247059
0.149020
0.172549
0.301961
0.741176
0.952941
0.992157
0.658824
0.223529
0.000000
0.000000
0.000000
0.000000
0.000000
0.000000
0.000000
0.000000
0.000000
0.000000
0.000000
0.000000
0.000000
0.000000
0.000000
0.000000
0.160784
0.600000
0.941176
0.231373
0.074510
0.411765
0.713726
0.701961
0.545098
0.545098
0.556863
0.694118
0.937255
0.992157
0.776471
0.384314
0.074510
0.015686
0.000000
0.000000
0.000000
0.000000
0.000000
0.000000
0.000000
0.000000
0.000000
0.000000
0.000000
0.000000
0.000000
0.000000
0.094118
0.415686
0.835294
0.298039
0.172549
0.713726
0.980392
0.992157
0.992157
0.992157
0.992157
0.992157
0.992157
0.992157
0.937255
0.701961
0.380392
0.196078
0.062745
0.011765
0.000000
0.000000
0.000000
0.000000
0.000000
0.000000
0.000000
0.000000
0.000000
0.000000
0.000000
0.000000
0.015686
0.105882
0.321569
0.062745
0.113725
0.658824
0.937255
0.972549
0.980392
0.992157
0.992157
0.992157
0.992157
0.992157
0.992157
0.992157
0.980392
0.850980
0.368627
0.105882
0.027451
0.003922
0.000000
0.000000
0.000000
0.000000
0.000000
0.000000
0.000000
0.000000
0.000000
0.000000
0.000000
0.007843
0.019608
0.003922
0.007843
0.235294
0.513726
0.682353
0.803922
0.992157
0.992157
0.992157
0.992157
0.992157
0.992157
0.992157
0.992157
0.984314
0.941176
0.784314
0.274510
0.047059
0.000000
0.000000
0.000000
0.000000
0.000000
0.000000
0.000000
0.000000
0.000000
0.000000
0.000000
0.000000
0.000000
0.000000
0.000000
0.039216
0.090196
0.129412
0.172549
0.235294
0.239216
0.305882
0.305882
0.258824
0.235294
0.415686
0.745098
0.968627
0.988235
0.960784
0.686275
0.298039
0.066667
0.000000
0.000000
0.000000
0.000000
0.000000
0.000000
0.000000
0.000000
0.000000
0.000000
0.000000
0.000000
0.000000
0.000000
0.039216
0.109804
0.090196
0.007843
0.019608
0.019608
0.047059
0.047059
0.027451
0.019608
0.090196
0.262745
0.533333
0.882353
0.984314
0.925490
0.662745
0.243137
0.000000
0.000000
0.000000
0.000000
0.000000
0.000000
0.000000
0.000000
0.000000
0.000000
0.000000
0.000000
0.000000
0.137255
0.411765
0.592157
0.439216
0.117647
0.000000
0.000000
0.000000
0.000000
0.000000
0.000000
0.000000
0.031373
0.152941
0.419608
0.882353
0.980392
0.890196
0.458824
0.090196
0.000000
0.000000
0.000000
0.000000
0.000000
0.000000
0.000000
0.000000
0.000000
0.000000
0.000000
0.000000
0.262745
0.729412
0.949020
0.819608
0.447059
0.078431
0.000000
0.000000
0.000000
0.000000
0.000000
0.000000
0.000000
0.003922
0.062745
0.541176
0.913725
0.972549
0.698039
0.274510
0.000000
0.000000
0.000000
0.000000
0.000000
0.000000
0.000000
0.000000
0.000000
0.000000
0.000000
0.000000
0.196078
0.631373
0.909804
0.992157
0.749020
0.184314
0.000000
0.000000
0.000000
0.000000
0.000000
0.000000
0.000000
0.000000
0.015686
0.247059
0.850980
0.988235
0.823529
0.388235
0.000000
0.000000
0.000000
0.000000
0.000000
0.000000
0.000000
0.000000
0.000000
0.000000
0.000000
0.000000
0.000000
0.262745
0.698039
0.964706
0.792157
0.305882
0.109804
0.035294
0.003922
0.000000
0.000000
0.000000
0.027451
0.094118
0.176471
0.474510
0.894118
0.992157
0.752941
0.321569
0.000000
0.000000
0.000000
0.000000
0.000000
0.000000
0.000000
0.000000
0.000000
0.000000
0.000000
0.000000
0.000000
0.035294
0.411765
0.819608
0.949020
0.827451
0.615686
0.231373
0.086275
0.062745
0.062745
0.062745
0.188235
0.541176
0.847059
0.960784
0.988235
0.984314
0.729412
0.305882
0.000000
0.000000
0.000000
0.000000
0.000000
0.000000
0.000000
0.000000
0.000000
0.000000
0.000000
0.000000
0.000000
0.003922
0.054902
0.431373
0.901961
0.960784
0.968627
0.933333
0.917647
0.913725
0.913725
0.913725
0.929412
0.960784
0.984314
0.988235
0.992157
0.858824
0.407843
0.058824
0.000000
0.000000
0.000000
0.000000
0.000000
0.000000
0.000000
0.000000
0.000000
0.000000
0.000000
0.000000
0.000000
0.000000
0.003922
0.074510
0.262745
0.537255
0.780392
0.901961
0.972549
0.988235
0.988235
0.988235
0.988235
0.992157
0.980392
0.819608
0.623529
0.333333
0.105882
0.007843
0.000000
0.000000
0.000000
0.000000
0.000000
0.000000
0.000000
0.000000
0.000000
0.000000
0.000000
0.000000
0.000000
0.000000
0.000000
0.000000
0.035294
0.137255
0.235294
0.337255
0.400000
0.596078
0.584314
0.572549
0.615686
0.521569
0.400000
0.266667
0.172549
0.066667
0.011765
0.000000
0.000000
0.000000
0.000000
0.000000
0.000000
0.000000
0.000000
0.000000
0.000000
0.000000
0.000000
0.000000
0.000000
0.000000
0.000000
0.000000
0.000000
0.000000
0.003922
0.039216
0.058824
0.180392
0.176471
0.164706
0.196078
0.133333
0.058824
0.015686
0.000000
0.000000
0.000000
0.000000
0.000000
0.000000
0.000000
0.000000
0.000000
0.000000
0.000000
0.000000
0.000000
0.000000
0.000000
0.000000
0.000000
0.000000
0.000000
0.000000
0.000000
0.000000
0.000000
0.000000
0.000000
0.000000
0.000000
0.000000
0.000000
0.000000
0.000000
0.000000
0.000000
0.000000
0.000000
0.000000
0.000000
0.000000
0.000000
0.000000
0.000000
0.000000
0.000000
0.000000
0.000000
0.000000
0.000000
0.000000
0.000000
0.000000
0.000000
0.000000
0.000000
0.000000
0.000000
0.000000
0.000000
0.000000
0.000000
0.000000
0.000000
0.000000
0.000000
0.000000
0.000000
0.000000
0.000000
0.000000
0.000000
0.000000
0.000000
0.000000
0.000000
0.000000
0.000000
0.000000
0.000000
0.000000
0.000000
0.000000
0.000000
0.000000
0.000000
0.000000
0.000000
0.000000
0.000000
0.000000
0.000000
0.000000
0.000000
0.000000
0.000000
0.000000
0.000000
0.000000
0.000000
0.000000
0.000000
0.000000
0.000000
0.000000
0.000000
0.000000
0.000000
0.000000
0.000000
0.000000
0.000000
0.000000
0.000000
0.000000
0.000000
0.000000
0.000000
0.000000
0.000000
0.000000
0.000000
0.000000
0.000000
0.000000
0.000000
0.000000
0.000000
0.000000
0.000000
0.000000
0.000000
0.000000
0.000000
0.000000
0.000000
0.000000
0.000000