0.000000
0.000000
0.000000
0.000000
0.000000
0.000000
0.000000
0.000000
0.000000
0.000000
0.000000
0.000000
0.000000
0.000000
0.000000
0.000000
0.000000
0.000000
0.000000
0.000000
0.000000
0.000000
0.000000
0.000000
0.000000
0.000000
0.000000
0.000000
0.000000
0.000000
0.000000
0.000000
0.000000
0.000000
0.000000
0.000000
0.000000
0.000000
0.000000
0.000000
0.000000
0.000000
0.000000
0.000000
0.000000
0.000000
0.000000
0.000000
0.000000
0.000000
0.000000
0.000000
0.000000
0.000000
0.000000
0.000000
0.000000
0.000000
0.000000
0.000000
0.000000
0.000000
0.000000
0.000000
0.000000
0.000000
0.000000
0.000000
0.000000
0.000000
0.000000
0.000000
0.000000
0.000000
0.000000
0.000000
0.000000
0.000000
0.000000
0.000000
0.000000
0.000000
0.000000
0.000000
0.000000
0.000000
0.000000
0.000000
0.000000
0.000000
0.000000
0.000000
0.000000
0.000000
0.000000
0.000000
0.000000
0.000000
0.000000
0.000000
0.000000
0.000000
0.000000
0.000000
0.000000
0.000000
0.000000
0.007843
0.203922
0.482353
0.525490
0.364706
0.023529
0.000000
0.000000
0.000000
0.000000
0.000000
0.000000
0.000000
0.000000
0.000000
0.000000
0.000000
0.000000
0.000000
0.000000
0.000000
0.000000
0.000000
0.000000
0.000000
0.000000
0.000000
0.000000
0.000000
0.000000
0.000000
0.007843
0.156863
0.541176
0.913725
0.917647
0.564706
0.039216
0.000000
0.000000
0.000000
0.000000
0.000000
0.000000
0.000000
0.000000
0.000000
0.000000
0.000000
0.000000
0.000000
0.000000
0.000000
0.000000
0.000000
0.000000
0.000000
0.000000
0.000000
0.000000
0.000000
0.000000
0.000000
0.109804
0.470588
0.800000
0.858824
0.670588
0.313726
0.023529
0.000000
0.000000
0.000000
0.000000
0.000000
0.000000
0.000000
0.000000
0.000000
0.000000
0.000000
0.000000
0.000000
0.000000
0.000000
0.000000
0.000000
0.000000
0.000000
0.000000
0.000000
0.000000
0.000000
0.000000
0.000000
0.325490
0.764706
0.850980
0.521569
0.145098
0.000000
0.000000
0.000000
0.000000
0.000000
0.000000
0.000000
0.000000
0.000000
0.000000
0.000000
0.000000
0.000000
0.000000
0.000000
0.000000
0.000000
0.000000
0.000000
0.000000
0.000000
0.000000
0.000000
0.000000
0.000000
0.000000
0.000000
0.384314
0.796078
0.749020
0.305882
0.000000
0.000000
0.000000
0.000000
0.000000
0.000000
0.000000
0.000000
0.000000
0.000000
0.000000
0.000000
0.000000
0.000000
0.000000
0.000000
0.000000
0.000000
0.000000
0.000000
0.000000
0.000000
0.000000
0.000000
0.000000
0.000000
0.000000
0.000000
0.411765
0.807843
0.639216
0.145098
0.000000
0.000000
0.000000
0.000000
0.000000
0.000000
0.000000
0.000000
0.000000
0.000000
0.000000
0.000000
0.000000
0.000000
0.000000
0.000000
0.000000
0.000000
0.000000
0.000000
0.000000
0.000000
0.000000
0.000000
0.000000
0.000000
0.000000
0.066667
0.658824
0.854902
0.470588
0.023529
0.000000
0.000000
0.000000
0.000000
0.000000
0.000000
0.000000
0.000000
0.000000
0.000000
0.000000
0.000000
0.000000
0.000000
0.000000
0.000000
0.000000
0.000000
0.000000
0.000000
0.000000
0.000000
0.000000
0.000000
0.000000
0.000000
0.000000
0.352941
0.819608
0.866667
0.431373
0.000000
0.000000
0.000000
0.000000
0.000000
0.000000
0.000000
0.066667
0.176471
0.227451
0.219608
0.109804
0.019608
0.000000
0.000000
0.000000
0.000000
0.000000
0.000000
0.000000
0.000000
0.000000
0.000000
0.000000
0.000000
0.000000
0.000000
0.000000
0.611765
0.917647
0.745098
0.309804
0.000000
0.000000
0.000000
0.000000
0.000000
0.231373
0.427451
0.556863
0.654902
0.701961
0.694118
0.596078
0.333333
0.086275
0.000000
0.000000
0.000000
0.000000
0.000000
0.000000
0.000000
0.000000
0.000000
0.000000
0.000000
0.000000
0.000000
0.015686
0.725490
0.929412
0.533333
0.117647
0.000000
0.000000
0.011765
0.086275
0.337255
0.650980
0.862745
0.937255
0.913725
0.870588
0.945098
0.960784
0.721569
0.247059
0.023529
0.000000
0.000000
0.000000
0.000000
0.000000
0.000000
0.000000
0.000000
0.000000
0.000000
0.000000
0.011765
0.149020
0.784314
0.835294
0.349020
0.000000
0.011765
0.058824
0.184314
0.435294
0.839216
0.952941
0.898039
0.772549
0.603922
0.498039
0.627451
0.886275
0.921569
0.396078
0.066667
0.000000
0.000000
0.000000
0.000000
0.000000
0.000000
0.000000
0.000000
0.000000
0.000000
0.000000
0.031373
0.439216
0.890196
0.694118
0.247059
0.000000
0.058824
0.266667
0.619608
0.964706
0.949020
0.811765
0.572549
0.282353
0.058824
0.000000
0.043137
0.627451
0.929412
0.458824
0.098039
0.000000
0.000000
0.000000
0.000000
0.000000
0.000000
0.000000
0.000000
0.000000
0.000000
0.000000
0.039216
0.592157
0.921569
0.611765
0.192157
0.003922
0.196078
0.678431
0.992157
0.964706
0.737255
0.325490
0.070588
0.000000
0.000000
0.000000
0.035294
0.517647
0.898039
0.447059
0.094118
0.000000
0.000000
0.000000
0.000000
0.000000
0.000000
0.000000
0.000000
0.000000
0.000000
0.000000
0.047059
0.674510
0.937255
0.611765
0.192157
0.062745
0.380392
0.925490
0.968627
0.639216
0.168627
0.027451
0.003922
0.000000
0.000000
0.000000
0.035294
0.517647
0.760784
0.274510
0.015686
0.000000
0.000000
0.000000
0.000000
0.000000
0.000000
0.000000
0.000000
0.000000
0.000000
0.000000
0.047059
0.721569
0.949020
0.615686
0.196078
0.215686
0.647059
0.929412
0.670588
0.149020
0.023529
0.000000
0.000000
0.000000
0.000000
0.000000
0.039216
0.556863
0.741176
0.247059
0.003922
0.000000
0.000000
0.000000
0.000000
0.000000
0.000000
0.000000
0.000000
0.000000
0.000000
0.000000
0.047059
0.725490
0.949020
0.611765
0.192157
0.282353
0.752941
0.937255
0.662745
0.043137
0.000000
0.000000
0.000000
0.000000
0.000000
0.011765
0.121569
0.819608
0.733333
0.219608
0.000000
0.000000
0.000000
0.000000
0.000000
0.000000
0.000000
0.000000
0.000000
0.000000
0.000000
0.000000
0.047059
0.725490
0.949020
0.611765
0.192157
0.145098
0.525490
0.929412
0.827451
0.305882
0.082353
0.011765
0.000000
0.000000
0.000000
0.094118
0.517647
0.941176
0.521569
0.129412
0.000000
0.000000
0.000000
0.000000
0.000000
0.000000
0.000000
0.000000
0.000000
0.000000
0.000000
0.007843
0.090196
0.768627
0.956863
0.611765
0.192157
0.019608
0.200000
0.615686
0.882353
0.713726
0.435294
0.133333
0.011765
0.054902
0.196078
0.443137
0.862745
0.760784
0.239216
0.039216
0.000000
0.000000
0.000000
0.000000
0.000000
0.000000
0.000000
0.000000
0.000000
0.000000
0.000000
0.011765
0.117647
0.776471
0.956863
0.666667
0.235294
0.007843
0.023529
0.156863
0.560784
0.756863
0.603922
0.223529
0.137255
0.329412
0.615686
0.835294
0.792157
0.368627
0.062745
0.000000
0.000000
0.000000
0.000000
0.000000
0.000000
0.000000
0.000000
0.000000
0.000000
0.000000
0.000000
0.000000
0.039216
0.568627
0.894118
0.819608
0.431373
0.125490
0.054902
0.043137
0.062745
0.317647
0.274510
0.270588
0.501961
0.800000
0.921569
0.756863
0.372549
0.027451
0.000000
0.000000
0.000000
0.000000
0.000000
0.000000
0.000000
0.000000
0.000000
0.000000
0.000000
0.000000
0.000000
0.000000
0.007843
0.094118
0.647059
0.917647
0.870588
0.600000
0.333333
0.270588
0.290196
0.525490
0.741176
0.925490
0.980392
0.890196
0.635294
0.243137
0.000000
0.000000
0.000000
0.000000
0.000000
0.000000
0.000000
0.000000
0.000000
0.000000
0.000000
0.000000
0.000000
0.000000
0.000000
0.000000
0.000000
0.007843
0.117647
0.631373
0.921569
0.960784
0.945098
0.941176
0.945098
0.956863
0.972549
0.984314
0.788235
0.411765
0.090196
0.015686
0.000000
0.000000
0.000000
0.000000
0.000000
0.000000
0.000000
0.000000
0.000000
0.000000
0.000000
0.000000
0.000000
0.000000
0.000000
0.000000
0.000000
0.000000
0.015686
0.149020
0.380392
0.564706
0.729412
0.890196
0.631373
0.627451
0.627451
0.411765
0.203922
0.070588
0.007843
0.000000
0.000000
0.000000
0.000000
0.000000
0.000000
0.000000
0.000000
0.000000
0.000000
0.000000
0.000000
0.000000
0.000000
0.000000
0.000000
0.000000
0.000000
0.000000
0.000000
0.011765
0.078431
0.145098
0.207843
0.270588
0.172549
0.168627
0.168627
0.086275
0.023529
0.000000
0.000000
0.000000
0.000000
0.000000
0.000000
0.000000
0.000000
0.000000
0.000000
0.000000
0.000000
0.000000
0.000000
0.000000
0.000000
0.000000
0.000000
0.000000
0.000000
0.000000
0.000000
0.000000
0.000000
0.000000
0.000000
0.000000
0.000000
0.000000
0.000000
0.000000
0.000000
0.000000
0.000000
0.000000
0.000000
0.000000
0.000000
0.000000
0.000000
0.000000
0.000000
0.000000
0.000000
0.000000
0.000000
0.000000
0.000000
0.000000
0.000000
0.000000
0.000000
0.000000
0.000000
0.000000
0.000000
0.000000
0.000000
0.000000
0.000000
0.000000
0.000000
0.000000
0.000000
0.000000
0.000000
0.000000
0.000000
0.000000
0.000000
0.000000
0.000000
0.000000
0.000000
0.000000
0.000000
0.000000
0.000000
0.000000
0.000000
0.000000
0.000000
0.000000
0.000000
0.000000
0.000000
0.000000
0.000000
0.000000
0.000000
0.000000
0.000000
0.000000
0.000000
0.000000
0.000000
0.000000
0.000000
0.000000
0.000000
0.000000
0.000000
0.000000
0.000000
0.000000
0.000000
0.000000
0.000000
0.000000
0.000000
0.000000
0.000000
0.000000
0.000000
0.000000
0.000000
0.000000
0.000000
0.000000
0.000000
0.000000
0.000000
0.000000
0.000000
0.000000
0.000000
0.000000
0.000000
0.000000
0.000000
0.000000
0.000000
0.000000
0.000000
0.000000
0.000000
0.000000
0.000000
0.000000
0.000000
0.000000
0.000000
0.000000
0.000000
0.000000
0.000000
0.000000
0.000000
0.000000
0.000000
0.000000
0.000000
0.000000
0.000000
0.000000
0.000000
0.000000
0.000000
0.000000
0.000000
0.000000
0.000000
0.000000
0.000000
0.000000
0.000000
0.000000
0.000000
0.000000
0.000000
0.000000
0.000000